time	V(y)	V(recti)
0.000000000000000e+00	-1.837688e-02	-3.019339e-09
9.999988000046756e-04	-1.833463e-02	-3.019408e-09
1.999998800002345e-03	-1.829159e-02	-3.019468e-09
1.369716271176915e-02	-1.768763e-02	-3.019349e-09
2.539432662353595e-02	-1.701246e-02	-3.017998e-09
3.709149053530275e-02	-1.626609e-02	-3.015416e-09
4.878865444706956e-02	-1.544852e-02	-3.011602e-09
6.048581835883636e-02	-1.455975e-02	-3.006557e-09
7.218298227060316e-02	-1.359978e-02	-3.000280e-09
8.388014618236994e-02	-1.256861e-02	-2.992773e-09
1.446848018575047e-01	-7.274092e-03	-2.940872e-09
1.995900648553430e-01	-2.620768e-03	-2.871507e-09
2.539990646725769e-01	1.282090e-03	-2.779391e-09
3.081676181898807e-01	4.161724e-03	-2.666962e-09
3.478723132117914e-01	5.650504e-03	-2.573559e-09
3.488723132117926e-01	5.677390e-03	-2.571030e-09
3.548723132117999e-01	5.801545e-03	-2.555238e-09
3.628723132118097e-01	5.937849e-03	-2.533684e-09
3.788723132118292e-01	6.151835e-03	-2.489559e-09
3.866666654999626e-01	6.219706e-03	-2.467411e-09
4.032553700762307e-01	6.297151e-03	-2.419052e-09
4.106666654999920e-01	6.294279e-03	-2.396730e-09
4.186666655000018e-01	6.270623e-03	-2.372219e-09
4.196666655000030e-01	6.266130e-03	-2.369124e-09
4.271486843100831e-01	6.216854e-03	-2.345664e-09
4.346307031201633e-01	6.150980e-03	-2.321766e-09
4.421127219302434e-01	6.068508e-03	-2.297430e-09
4.495947407403236e-01	5.969438e-03	-2.272655e-09
4.570767595504037e-01	5.853770e-03	-2.247442e-09
4.645587783604839e-01	5.721504e-03	-2.221790e-09
4.720407971705640e-01	5.572641e-03	-2.195700e-09
5.143389675327477e-01	4.620317e-03	-2.043063e-09
5.533453597870590e-01	3.567098e-03	-1.891836e-09
6.167065597300478e-01	1.752229e-03	-1.627082e-09
6.719320077367676e-01	3.040106e-04	-1.379513e-09
7.288947384554767e-01	-8.868441e-04	-1.107082e-09
7.791448486517325e-01	-1.676005e-03	-8.563439e-10
7.851448486517398e-01	-1.733378e-03	-8.251826e-10
7.931448486517496e-01	-1.799908e-03	-7.833303e-10
8.101448486517704e-01	-1.922955e-03	-6.938327e-10
8.161448486517777e-01	-1.954276e-03	-6.618723e-10
8.271448486517912e-01	-2.001917e-03	-6.029740e-10
8.343333321000017e-01	-2.024183e-03	-5.642056e-10
8.353333321000029e-01	-2.026730e-03	-5.587950e-10
8.470304749571186e-01	-2.041767e-03	-7.259149e-10
8.587276178142343e-01	-2.041991e-03	-6.357933e-10
8.704247606713500e-01	-2.027404e-03	-2.884301e-10
8.821219035284658e-01	-1.998006e-03	3.161747e-10
8.938190463855814e-01	-1.953797e-03	1.178021e-09
9.055161892426972e-01	-1.894775e-03	2.297109e-09
9.172133320998128e-01	-1.820943e-03	3.673439e-09
9.859565730116699e-01	-1.323012e-03	4.171147e-07
1.022789770972185e+00	-9.917506e-04	4.853779e-06
1.044357783307124e+00	-7.798575e-04	2.268198e-05
1.056278790144464e+00	-6.611801e-04	6.387394e-05
1.064472181833406e+00	-5.786025e-04	1.462523e-04
1.071090502147243e+00	-5.093534e-04	3.108868e-04
1.078100159456817e+00	-4.296959e-04	6.922151e-04
1.084421895919171e+00	-3.447737e-04	1.425289e-03
1.091140969752949e+00	-2.250690e-04	3.010419e-03
1.097793404226120e+00	-4.488047e-05	6.066012e-03
1.105204445334355e+00	2.803434e-04	1.199110e-02
1.111962294666956e+00	7.776913e-04	2.039405e-02
1.120131438140611e+00	1.780339e-03	3.437686e-02
1.130371640581995e+00	3.865271e-03	5.595550e-02
1.145262770581834e+00	8.894678e-03	9.184419e-02
1.167162778725746e+00	2.135318e-02	1.495469e-01
1.203538026613657e+00	4.990223e-02	2.502034e-01
1.206538026613661e+00	5.307873e-02	2.587931e-01
1.210538026613666e+00	5.767894e-02	2.703258e-01
1.218538026613675e+00	6.762586e-02	2.935230e-01
1.235538026613696e+00	9.037540e-02	3.430914e-01
1.237889736926026e+00	9.386579e-02	3.500003e-01
1.240241447238355e+00	9.741964e-02	3.569165e-01
1.242593157550685e+00	1.010370e-01	3.638400e-01
1.244944867863014e+00	1.047177e-01	3.707708e-01
1.247296578175343e+00	1.084620e-01	3.777088e-01
1.249648288487673e+00	1.122697e-01	3.846542e-01
1.251999998800002e+00	1.161409e-01	3.916068e-01
1.252999998800004e+00	1.178108e-01	3.945656e-01
1.263329714636364e+00	1.360687e-01	4.252488e-01
1.273659430472724e+00	1.555795e-01	4.559970e-01
1.283989146309084e+00	1.763433e-01	4.868103e-01
1.294318862145444e+00	1.983600e-01	5.176886e-01
1.304648577981804e+00	2.216295e-01	5.486320e-01
1.314978293818164e+00	2.461520e-01	5.796405e-01
1.325308009654524e+00	2.719275e-01	6.107141e-01
1.397651344402963e+00	4.628013e-01	8.277884e-01
1.441681884968560e+00	5.890866e-01	9.592742e-01
1.476783019452913e+00	6.940231e-01	1.063065e+00
1.521357747619270e+00	8.265824e-01	1.193172e+00
1.564767149295083e+00	9.519764e-01	1.317956e+00
1.597252481785866e+00	1.042524e+00	1.410019e+00
1.602696000418437e+00	1.057183e+00	1.425265e+00
1.613583037683579e+00	1.085598e+00	1.455457e+00
1.638357112213868e+00	1.148838e+00	1.523695e+00
1.642544191240458e+00	1.159163e+00	1.535109e+00
1.646731270267049e+00	1.169397e+00	1.546491e+00
1.650918349293640e+00	1.179538e+00	1.557842e+00
1.655105428320230e+00	1.189587e+00	1.569161e+00
1.659292507346821e+00	1.199543e+00	1.580449e+00
1.663479586373412e+00	1.209407e+00	1.591706e+00
1.667666665400002e+00	1.219179e+00	1.602932e+00
1.668666665400004e+00	1.221497e+00	1.605607e+00
1.677083619399990e+00	1.240736e+00	1.628042e+00
1.685500573399976e+00	1.259515e+00	1.650295e+00
1.693917527399963e+00	1.277835e+00	1.672365e+00
1.702334481399949e+00	1.295696e+00	1.694252e+00
1.710751435399936e+00	1.313097e+00	1.715956e+00
1.719168389399922e+00	1.330040e+00	1.737478e+00
1.727585343399909e+00	1.346523e+00	1.758817e+00
1.786532804339725e+00	1.453497e+00	1.903701e+00
1.866532804339723e+00	1.578976e+00	2.088002e+00
1.946532804339721e+00	1.686623e+00	2.257349e+00
2.006333332100006e+00	1.758499e+00	2.374434e+00
2.020333332099973e+00	1.773783e+00	2.399321e+00
2.036333332099936e+00	1.790919e+00	2.426990e+00
2.056333332100074e+00	1.812006e+00	2.460768e+00
2.060476189242922e+00	1.816291e+00	2.467555e+00
2.064619046385769e+00	1.820556e+00	2.474286e+00
2.068761903528617e+00	1.824799e+00	2.480959e+00
2.072904760671464e+00	1.829021e+00	2.487577e+00
2.077047617814312e+00	1.833222e+00	2.494137e+00
2.081190474957159e+00	1.837403e+00	2.500641e+00
2.085333332100006e+00	1.841562e+00	2.507088e+00
2.086333332100004e+00	1.842563e+00	2.508635e+00
2.098030474957119e+00	1.854172e+00	2.526422e+00
2.109727617814234e+00	1.865545e+00	2.543614e+00
2.121424760671350e+00	1.876682e+00	2.560210e+00
2.133121903528465e+00	1.887583e+00	2.576211e+00
2.144819046385580e+00	1.898249e+00	2.591616e+00
2.156516189242695e+00	1.908678e+00	2.606426e+00
2.168213332099810e+00	1.918871e+00	2.620640e+00
2.248213332099809e+00	1.983061e+00	2.706876e+00
2.328213332099807e+00	2.035719e+00	2.772190e+00
2.408213332099805e+00	2.076587e+00	2.818368e+00
2.420999998700005e+00	2.081407e+00	2.823307e+00
2.449853332299206e+00	2.089633e+00	2.830895e+00
2.474759995509579e+00	2.094397e+00	2.834542e+00
2.478508567393926e+00	2.094960e+00	2.834902e+00
2.482257139278272e+00	2.095475e+00	2.835205e+00
2.486005711162618e+00	2.095941e+00	2.835450e+00
2.489754283046964e+00	2.096358e+00	2.835637e+00
2.493502854931311e+00	2.096727e+00	2.835765e+00
2.497251426815656e+00	2.097048e+00	2.835835e+00
2.500999998700003e+00	2.097319e+00	2.835848e+00
2.501999998699993e+00	2.097384e+00	2.835842e+00
2.506128615279285e+00	2.097611e+00	2.835769e+00
2.510257231858577e+00	2.097767e+00	2.835613e+00
2.514385848437869e+00	2.097852e+00	2.835374e+00
2.518514465017161e+00	2.097867e+00	2.835051e+00
2.522643081596453e+00	2.097811e+00	2.834645e+00
2.526771698175745e+00	2.097684e+00	2.834156e+00
2.530900314755037e+00	2.097487e+00	2.833583e+00
2.559828881363408e+00	2.094120e+00	2.827240e+00
2.617686014580158e+00	2.078782e+00	2.804379e+00
2.697686014580157e+00	2.041804e+00	2.753815e+00
2.777686014580155e+00	1.987720e+00	2.682184e+00
2.797826107554418e+00	1.971979e+00	2.661579e+00
2.817966200528681e+00	1.954925e+00	2.639222e+00
2.838106293502944e+00	1.936558e+00	2.615113e+00
2.858246386477207e+00	1.916879e+00	2.589253e+00
2.878386479451470e+00	1.895888e+00	2.561641e+00
2.898526572425733e+00	1.873584e+00	2.532277e+00
2.918666665399996e+00	1.849967e+00	2.501161e+00
2.919666665399994e+00	1.848784e+00	2.499599e+00
2.942792379685681e+00	1.820343e+00	2.461922e+00
2.965918093971367e+00	1.790694e+00	2.422518e+00
2.989043808257053e+00	1.759838e+00	2.381388e+00
3.012169522542740e+00	1.727776e+00	2.338530e+00
3.035295236828426e+00	1.694507e+00	2.293946e+00
3.058420951114112e+00	1.660031e+00	2.247634e+00
3.081546665399799e+00	1.624348e+00	2.199596e+00
3.161546665399797e+00	1.495195e+00	2.025370e+00
3.241546665399795e+00	1.356429e+00	1.837644e+00
3.254333331999995e+00	1.333125e+00	1.806096e+00
3.283186665599196e+00	1.278981e+00	1.732797e+00
3.308093328809569e+00	1.231075e+00	1.667957e+00
3.334333331999993e+00	1.179638e+00	1.598359e+00
3.335333331999990e+00	1.177658e+00	1.595679e+00
3.362524162514791e+00	1.122912e+00	1.521626e+00
3.389714993029592e+00	1.067407e+00	1.446612e+00
3.416905823544392e+00	1.011144e+00	1.370637e+00
3.444096654059193e+00	9.541213e-01	1.293701e+00
3.471287484573993e+00	8.963404e-01	1.215803e+00
3.498478315088793e+00	8.378006e-01	1.136945e+00
3.525669145603594e+00	7.785021e-01	1.057126e+00
3.571780070284852e+00	6.767904e-01	9.205102e-01
3.646499545891047e+00	5.102916e-01	6.973501e-01
3.671999998700002e+00	4.531445e-01	6.210086e-01
3.700999093082089e+00	3.879967e-01	5.342348e-01
3.703999093082082e+00	3.812605e-01	5.252830e-01
3.707999093082073e+00	3.722831e-01	5.133659e-01
3.715999093082054e+00	3.543441e-01	4.895803e-01
3.732999093082014e+00	3.162615e-01	4.391500e-01
3.743999998700019e+00	2.916817e-01	4.067076e-01
3.751999998700001e+00	2.738428e-01	3.832170e-01
3.752999998699998e+00	2.716154e-01	3.802878e-01
3.755919998699991e+00	2.651147e-01	3.717433e-01
3.758839998699984e+00	2.586218e-01	3.632213e-01
3.761759998699977e+00	2.521368e-01	3.547218e-01
3.764679998699970e+00	2.456596e-01	3.462449e-01
3.767599998699963e+00	2.391903e-01	3.377904e-01
3.770519998699956e+00	2.327288e-01	3.293585e-01
3.773439998699949e+00	2.262752e-01	3.209492e-01
3.793919998699899e+00	1.813728e-01	2.630889e-01
3.834879998699805e+00	9.337068e-02	1.540004e-01
3.873345271198609e+00	1.389953e-02	6.621461e-02
3.901003029473713e+00	-3.957941e-02	2.176382e-02
3.919234485129344e+00	-7.195358e-02	5.943171e-03
3.928867212401798e+00	-8.770023e-02	2.276364e-03
3.933345799987272e+00	-9.453961e-02	1.496559e-03
3.938863417376851e+00	-1.025258e-01	9.375208e-04
3.945111864049977e+00	-1.111416e-01	5.305631e-04
3.950494024725536e+00	-1.181806e-01	3.153413e-04
3.955496588477729e+00	-1.243676e-01	1.951420e-04
3.960835666069485e+00	-1.306099e-01	1.163742e-04
3.965926629593845e+00	-1.362221e-01	7.020668e-05
3.971020041201086e+00	-1.414995e-01	4.215669e-05
3.975872393686942e+00	-1.462135e-01	2.580682e-05
3.980769763051306e+00	-1.506610e-01	1.570359e-05
3.985540708523978e+00	-1.546975e-01	9.640274e-06
3.990345366013088e+00	-1.584685e-01	5.886545e-06
3.995051575269827e+00	-1.618790e-01	3.619718e-06
3.999775714492436e+00	-1.650224e-01	2.218717e-06
4.004431174393829e+00	-1.678488e-01	1.366598e-06
4.009099027775811e+00	-1.704071e-01	8.443085e-07
4.014280380354208e+00	-1.729229e-01	4.992667e-07
4.020418087097447e+00	-1.754736e-01	2.696164e-07
4.027921831215295e+00	-1.779683e-01	1.279050e-07
4.037640915062866e+00	-1.801960e-01	4.948184e-08
4.050910521473703e+00	-1.814272e-01	1.401367e-08
4.071451320379374e+00	-1.793553e-01	2.105632e-09
4.108342223314907e+00	-1.696574e-01	-9.773919e-11
4.111342223314900e+00	-1.683153e-01	-1.022444e-10
4.115342223314890e+00	-1.663083e-01	-1.495846e-10
4.123342223314872e+00	-1.619194e-01	-2.093534e-10
4.140342223314832e+00	-1.518134e-01	-3.130755e-10
4.144245715026998e+00	-1.492098e-01	4.885687e-09
4.148149206739165e+00	-1.465433e-01	7.562265e-09
4.152052698451331e+00	-1.438138e-01	7.716657e-09
4.155956190163498e+00	-1.410213e-01	5.348865e-09
4.159859681875664e+00	-1.381659e-01	4.588875e-10
4.163763173587831e+00	-1.352476e-01	-6.953275e-09
4.167666665299997e+00	-1.322663e-01	-1.688762e-08
4.168666665299995e+00	-1.314944e-01	-6.229051e-10
4.179594448976410e+00	-1.226496e-01	-5.897526e-10
4.190522232652825e+00	-1.137008e-01	-5.801170e-10
4.201450016329240e+00	-1.046478e-01	-5.939983e-10
4.212377800005655e+00	-9.549066e-02	-6.313966e-10
4.223305583682070e+00	-8.622942e-02	-6.923118e-10
4.234233367358485e+00	-7.686406e-02	-7.767440e-10
4.245161151034900e+00	-6.739458e-02	-8.846930e-10
4.298345209170293e+00	-2.532002e-02	-1.149899e-09
4.362592636406497e+00	1.659437e-02	-1.453017e-09
4.420944620291309e+00	4.397958e-02	-1.711918e-09
4.455026204769673e+00	5.356353e-02	-1.853856e-09
4.489228436001390e+00	5.773037e-02	-1.987901e-09
4.525995117631560e+00	5.831346e-02	-2.125235e-09
4.539018267142978e+00	5.744769e-02	-2.171706e-09
4.560287032977158e+00	5.491948e-02	-2.245079e-09
4.566287032977144e+00	5.394372e-02	-2.265066e-09
4.577287032977118e+00	5.199916e-02	-2.301211e-09
4.585333331999998e+00	5.042088e-02	-2.331458e-09
4.586333331999995e+00	5.021601e-02	-2.330269e-09
4.598030474857111e+00	4.759069e-02	-2.366846e-09
4.609727617714226e+00	4.484804e-02	-2.402339e-09
4.621424760571341e+00	4.198806e-02	-2.436748e-09
4.633121903428456e+00	3.901075e-02	-2.470074e-09
4.644819046285571e+00	3.591612e-02	-2.502316e-09
4.656516189142686e+00	3.270416e-02	-2.533475e-09
4.668213331999802e+00	2.937487e-02	-2.563550e-09
4.724586916844878e+00	1.421268e-02	-2.697591e-09
4.779689839904442e+00	9.596095e-04	-2.807452e-09
4.834844640627807e+00	-9.227758e-03	-2.893946e-09
4.893402034748803e+00	-1.622431e-02	-2.962067e-09
4.935251417557119e+00	-1.904328e-02	-2.997764e-09
4.939478588453412e+00	-1.917576e-02	-3.000435e-09
4.947932930245997e+00	-1.926018e-02	-3.004589e-09
4.964841613831169e+00	-1.928057e-02	-3.011835e-09
4.967182631429651e+00	-1.926321e-02	-3.012689e-09
4.971864666626615e+00	-1.918852e-02	-3.014090e-09
4.982271857812137e+00	-1.897406e-02	-3.016809e-09
4.984358099395322e+00	-1.891526e-02	-3.017222e-09
4.988530582561694e+00	-1.878699e-02	-3.017955e-09
4.990311927710023e+00	-1.872968e-02	-3.018245e-09
4.992093272858351e+00	-1.866938e-02	-3.018509e-09
4.993874618006680e+00	-1.860610e-02	-3.018744e-09
4.995655963155008e+00	-1.853983e-02	-3.018952e-09
4.997437308303337e+00	-1.847058e-02	-3.019131e-09
4.999218653451665e+00	-1.839835e-02	-3.019284e-09
5.000999998599994e+00	-1.832313e-02	-3.019408e-09
5.001999998599992e+00	-1.828005e-02	-3.019468e-09
5.013252873565641e+00	-1.770286e-02	-3.019396e-09
5.024505748531290e+00	-1.705797e-02	-3.018168e-09
5.035758623496939e+00	-1.634536e-02	-3.015785e-09
5.047011498462588e+00	-1.556506e-02	-3.012247e-09
5.058264373428237e+00	-1.471704e-02	-3.007553e-09
5.069517248393886e+00	-1.380132e-02	-3.001704e-09
5.080770123359535e+00	-1.281789e-02	-2.994700e-09
5.142228211670911e+00	-7.482760e-03	-2.943280e-09
5.198060335910441e+00	-2.740552e-03	-2.873696e-09
5.252292105190634e+00	1.179115e-03	-2.782660e-09
5.306283670880681e+00	4.066498e-03	-2.670964e-09
5.349415097330166e+00	5.685382e-03	-2.569543e-09
5.350415097330163e+00	5.711968e-03	-2.567009e-09
5.352415097330159e+00	5.754147e-03	-2.561758e-09
5.356415097330149e+00	5.832151e-03	-2.551151e-09
5.364415097330131e+00	5.963284e-03	-2.529508e-09
5.380415097330093e+00	6.169639e-03	-2.485251e-09
5.386666665300076e+00	6.223908e-03	-2.467487e-09
5.400169801240040e+00	6.292386e-03	-2.428231e-09
5.406169801240026e+00	6.296766e-03	-2.410293e-09
5.411666665300018e+00	6.292387e-03	-2.393692e-09
5.418666665300002e+00	6.270339e-03	-2.372219e-09
5.419666665299999e+00	6.265840e-03	-2.369124e-09
5.425512379585699e+00	6.229871e-03	-2.350837e-09
5.431358093871400e+00	6.183274e-03	-2.332286e-09
5.437203808157100e+00	6.126049e-03	-2.313471e-09
5.443049522442799e+00	6.058196e-03	-2.294392e-09
5.448895236728499e+00	5.979715e-03	-2.275048e-09
5.454740951014200e+00	5.890606e-03	-2.255440e-09
5.460586665299900e+00	5.790869e-03	-2.235567e-09
5.491558459944592e+00	5.176520e-03	-2.127128e-09
5.526861814293099e+00	4.297025e-03	-1.995945e-09
5.573719564649096e+00	2.973645e-03	-1.809542e-09
5.629674684838982e+00	1.382824e-03	-1.570983e-09
5.684289288471675e+00	5.477369e-06	-1.321952e-09
5.738862501892221e+00	-1.081756e-03	-1.058646e-09
5.776125344604921e+00	-1.643285e-03	-8.719402e-10
5.782125344604907e+00	-1.702743e-03	-8.408623e-10
5.790125344604888e+00	-1.772042e-03	-7.991175e-10
5.807125344604849e+00	-1.900939e-03	-7.098433e-10
5.813125344604835e+00	-1.934287e-03	-6.779590e-10
5.824125344604809e+00	-1.985546e-03	-6.191968e-10
5.834333331899998e+00	-2.018500e-03	-5.642055e-10
5.835333331899996e+00	-2.020991e-03	-5.587950e-10
5.842253877794469e+00	-2.033462e-03	-5.216433e-10
5.849174423688943e+00	-2.039704e-03	-4.837800e-10
5.856094969583417e+00	-2.039717e-03	-4.452050e-10
5.863015515477890e+00	-2.033502e-03	-4.059184e-10
5.869936061372364e+00	-2.021057e-03	-3.659201e-10
5.876856607266838e+00	-2.002385e-03	-3.252101e-10
5.883777153161311e+00	-1.977483e-03	-2.837885e-10
5.932268329086611e+00	-1.718521e-03	2.334661e-08
6.000681827155489e+00	-1.184370e-03	2.258145e-06
6.037255216167942e+00	-8.443429e-04	2.192474e-05
6.056861493471544e+00	-6.499229e-04	9.087910e-05
6.067955307060508e+00	-5.368274e-04	2.429822e-04
6.075684764751657e+00	-4.526885e-04	5.381535e-04
6.082288689747536e+00	-3.697003e-04	1.134060e-03
6.089234131223030e+00	-2.578330e-04	2.454913e-03
6.095822988842336e+00	-1.016581e-04	4.967763e-03
6.103088671654660e+00	1.730357e-04	9.952637e-03
6.109796014731536e+00	5.926011e-04	1.733136e-02
6.117218184445562e+00	1.367371e-03	2.896994e-02
6.126730674789904e+00	3.009241e-03	4.789650e-02
6.139692944610019e+00	6.735766e-03	7.799809e-02
6.159500549598576e+00	1.625427e-02	1.289022e-01
6.189533403747582e+00	3.729510e-02	2.107985e-01
6.203505555578168e+00	5.064259e-02	2.502795e-01
6.225055694938824e+00	7.569272e-02	3.124138e-01
6.239055694938791e+00	9.564543e-02	3.534293e-01
6.251999998599999e+00	1.161687e-01	3.916067e-01
6.252999998599996e+00	1.178392e-01	3.945656e-01
6.264045653426030e+00	1.374548e-01	4.273852e-01
6.275091308252064e+00	1.584721e-01	4.602737e-01
6.286136963078097e+00	1.808911e-01	4.932309e-01
6.297182617904130e+00	2.047118e-01	5.262570e-01
6.308228272730164e+00	2.299341e-01	5.593518e-01
6.319273927556197e+00	2.565582e-01	5.925155e-01
6.330319582382231e+00	2.845840e-01	6.257480e-01
6.407676938310921e+00	4.909522e-01	8.578037e-01
6.445417812346655e+00	5.998775e-01	9.703944e-01
6.481414209394643e+00	7.077828e-01	1.076702e+00
6.523085371704212e+00	8.315664e-01	1.198195e+00
6.567577626216099e+00	9.599640e-01	1.326000e+00
6.595524633038302e+00	1.037526e+00	1.405078e+00
6.611772651555590e+00	1.080672e+00	1.450380e+00
6.636170628165416e+00	1.143402e+00	1.517725e+00
6.640670062027499e+00	1.154546e+00	1.530005e+00
6.645169495889582e+00	1.165584e+00	1.542250e+00
6.649668929751664e+00	1.176516e+00	1.554458e+00
6.654168363613747e+00	1.187343e+00	1.566630e+00
6.658667797475830e+00	1.198063e+00	1.578767e+00
6.663167231337913e+00	1.208677e+00	1.590867e+00
6.667666665199995e+00	1.219186e+00	1.602932e+00
6.668666665199993e+00	1.221505e+00	1.605607e+00
6.680363808057108e+00	1.248086e+00	1.636746e+00
6.692060950914223e+00	1.273815e+00	1.667524e+00
6.703758093771339e+00	1.298691e+00	1.697940e+00
6.715455236628453e+00	1.322715e+00	1.727996e+00
6.727152379485569e+00	1.345885e+00	1.757690e+00
6.738849522342684e+00	1.368203e+00	1.787024e+00
6.750546665199799e+00	1.389668e+00	1.815996e+00
6.830546665199797e+00	1.524749e+00	2.006678e+00
6.910546665199796e+00	1.640014e+00	2.182712e+00
6.990546665199794e+00	1.740433e+00	2.344613e+00
7.005333331900005e+00	1.757373e+00	2.372279e+00
7.035906665300423e+00	1.790664e+00	2.426479e+00
7.049906665300391e+00	1.805366e+00	2.450027e+00
7.068906665300347e+00	1.825012e+00	2.481193e+00
7.085333331900003e+00	1.841606e+00	2.507088e+00
7.086333331900001e+00	1.842606e+00	2.508635e+00
7.092179046185700e+00	1.848420e+00	2.517596e+00
7.098024760471401e+00	1.854179e+00	2.526409e+00
7.103870474757101e+00	1.859884e+00	2.535075e+00
7.109716189042801e+00	1.865535e+00	2.543593e+00
7.115561903328500e+00	1.871132e+00	2.551964e+00
7.121407617614201e+00	1.876675e+00	2.560188e+00
7.127253331899901e+00	1.882163e+00	2.568264e+00
7.168213331899807e+00	1.918836e+00	2.620640e+00
7.248213331899805e+00	1.982986e+00	2.706876e+00
7.328213331899804e+00	2.035636e+00	2.772190e+00
7.408213331899802e+00	2.076517e+00	2.818368e+00
7.420999998500001e+00	2.081342e+00	2.823307e+00
7.449853332099202e+00	2.089580e+00	2.830895e+00
7.474759995309576e+00	2.094356e+00	2.834542e+00
7.478508567193922e+00	2.094920e+00	2.834902e+00
7.482257139078269e+00	2.095436e+00	2.835205e+00
7.486005710962615e+00	2.095904e+00	2.835450e+00
7.489754282846961e+00	2.096323e+00	2.835637e+00
7.493502854731307e+00	2.096694e+00	2.835765e+00
7.497251426615653e+00	2.097016e+00	2.835835e+00
7.500999998499999e+00	2.097289e+00	2.835848e+00
7.501999998499997e+00	2.097355e+00	2.835842e+00
7.506128613922606e+00	2.097583e+00	2.835769e+00
7.510257229345216e+00	2.097741e+00	2.835613e+00
7.514385844767825e+00	2.097828e+00	2.835374e+00
7.518514460190436e+00	2.097844e+00	2.835051e+00
7.522643075613045e+00	2.097790e+00	2.834645e+00
7.526771691035655e+00	2.097665e+00	2.834156e+00
7.530900306458264e+00	2.097470e+00	2.833583e+00
7.559828864961951e+00	2.094113e+00	2.827240e+00
7.617685981969323e+00	2.078793e+00	2.804379e+00
7.697685981969322e+00	2.041829e+00	2.753815e+00
7.777685981969320e+00	1.987749e+00	2.682184e+00
7.839666665199999e+00	1.935605e+00	2.613772e+00
7.853666665199967e+00	1.921506e+00	2.595290e+00
7.869666665199929e+00	1.904775e+00	2.573324e+00
7.889666665200068e+00	1.883226e+00	2.544999e+00
7.893809522342915e+00	1.878601e+00	2.538909e+00
7.897952379485763e+00	1.873935e+00	2.532762e+00
7.902095236628610e+00	1.869227e+00	2.526557e+00
7.906238093771457e+00	1.864478e+00	2.520295e+00
7.910380950914305e+00	1.859687e+00	2.513975e+00
7.914523808057153e+00	1.854855e+00	2.507597e+00
7.918666665200000e+00	1.849982e+00	2.501161e+00
7.919666665199998e+00	1.848799e+00	2.499599e+00
7.931363808057113e+00	1.834730e+00	2.480995e+00
7.943060950914228e+00	1.820279e+00	2.461847e+00
7.954758093771344e+00	1.805447e+00	2.442153e+00
7.966455236628458e+00	1.790233e+00	2.421914e+00
7.978152379485573e+00	1.774637e+00	2.401129e+00
7.989849522342689e+00	1.758660e+00	2.379800e+00
8.001546665199804e+00	1.742301e+00	2.357925e+00
8.081546665199802e+00	1.624344e+00	2.199596e+00
8.161546665199801e+00	1.495187e+00	2.025370e+00
8.241546665199799e+00	1.356420e+00	1.837644e+00
8.251053331401195e+00	1.339033e+00	1.814105e+00
8.260559997602591e+00	1.321473e+00	1.790332e+00
8.270066663803988e+00	1.303740e+00	1.766325e+00
8.279573330005384e+00	1.285832e+00	1.742084e+00
8.289079996206780e+00	1.267751e+00	1.717609e+00
8.298586662408177e+00	1.249496e+00	1.692900e+00
8.308093328609573e+00	1.231067e+00	1.667957e+00
8.334333331799996e+00	1.179631e+00	1.598359e+00
8.335333331799994e+00	1.177651e+00	1.595679e+00
8.362524162331352e+00	1.122906e+00	1.521626e+00
8.389714992862713e+00	1.067403e+00	1.446612e+00
8.416905823394071e+00	1.011141e+00	1.370637e+00
8.444096653925431e+00	9.541197e-01	1.293701e+00
8.471287484456790e+00	8.963398e-01	1.215803e+00
8.498478314988150e+00	8.378011e-01	1.136945e+00
8.525669145519508e+00	7.785035e-01	1.057126e+00
8.571780070148101e+00	6.767929e-01	9.205102e-01
8.646499545670544e+00	5.102948e-01	6.973501e-01
8.671999998499999e+00	4.531477e-01	6.210086e-01
8.700999092841087e+00	3.879998e-01	5.342348e-01
8.703999092841080e+00	3.812636e-01	5.252830e-01
8.707999092841071e+00	3.722862e-01	5.133659e-01
8.715999092841052e+00	3.543471e-01	4.895803e-01
8.732999092841013e+00	3.162644e-01	4.391500e-01
8.743999998500016e+00	2.916844e-01	4.067076e-01
8.751999998499997e+00	2.738454e-01	3.832170e-01
8.752999998499995e+00	2.716180e-01	3.802878e-01
8.755919998499987e+00	2.651173e-01	3.717433e-01
8.758839998499981e+00	2.586243e-01	3.632213e-01
8.761759998499974e+00	2.521393e-01	3.547218e-01
8.764679998499966e+00	2.456620e-01	3.462449e-01
8.767599998499959e+00	2.391927e-01	3.377904e-01
8.770519998499953e+00	2.327312e-01	3.293585e-01
8.773439998499946e+00	2.262776e-01	3.209492e-01
8.793919998499895e+00	1.813748e-01	2.630889e-01
8.834879998499801e+00	9.337208e-02	1.540004e-01
8.873345271086023e+00	1.390033e-02	6.621461e-02
8.901003029414312e+00	-3.957902e-02	2.176382e-02
8.919234485060748e+00	-7.195343e-02	5.943171e-03
8.928867212393335e+00	-8.770021e-02	2.276364e-03
8.933345799984536e+00	-9.453964e-02	1.496559e-03
8.938863417362249e+00	-1.025259e-01	9.375208e-04
8.945111864030821e+00	-1.111418e-01	5.305631e-04
8.950494024709144e+00	-1.181808e-01	3.153413e-04
8.955496588462083e+00	-1.243679e-01	1.951420e-04
8.960835666055338e+00	-1.306102e-01	1.163742e-04
8.965926629578952e+00	-1.362225e-01	7.020668e-05
8.971020041186812e+00	-1.415000e-01	4.215669e-05
8.975872393672361e+00	-1.462140e-01	2.580682e-05
8.980769763037316e+00	-1.506616e-01	1.570359e-05
8.985540708509774e+00	-1.546981e-01	9.640274e-06
8.990345365999246e+00	-1.584691e-01	5.886545e-06
8.995051575255808e+00	-1.618796e-01	3.619718e-06
8.999775714478666e+00	-1.650231e-01	2.218717e-06
9.004431174379995e+00	-1.678496e-01	1.366598e-06
9.009099027762140e+00	-1.704079e-01	8.443085e-07
9.014280380338334e+00	-1.729237e-01	4.992667e-07
9.020418087078028e+00	-1.754744e-01	2.696164e-07
9.027921831190895e+00	-1.779692e-01	1.279050e-07
9.037640915030757e+00	-1.801969e-01	4.948184e-08
9.050910521427674e+00	-1.814281e-01	1.401367e-08
9.071451320301122e+00	-1.793564e-01	2.105632e-09
9.108342223159596e+00	-1.696585e-01	-9.773830e-11
9.111342223159589e+00	-1.683164e-01	-1.022444e-10
9.115342223159580e+00	-1.663094e-01	-1.495846e-10
9.123342223159561e+00	-1.619205e-01	-2.093534e-10
9.140342223159521e+00	-1.518145e-01	-3.130755e-10
9.154342223159489e+00	-1.421910e-01	-3.838918e-10
9.167666665099993e+00	-1.322673e-01	-1.688763e-08
9.168666665099991e+00	-1.314954e-01	-6.229058e-10
9.179592700164655e+00	-1.226520e-01	-5.897434e-10
9.190518735229318e+00	-1.137046e-01	-5.800982e-10
9.201444770293982e+00	-1.046530e-01	-5.939702e-10
9.212370805358645e+00	-9.549735e-02	-6.313594e-10
9.223296840423309e+00	-8.623755e-02	-6.922658e-10
9.234222875487973e+00	-7.687363e-02	-7.766894e-10
9.245148910552636e+00	-6.740559e-02	-8.846302e-10
9.298339094013073e+00	-2.532516e-02	-1.149868e-09
9.362584860203143e+00	1.659001e-02	-1.452981e-09
9.420937642317114e+00	4.397717e-02	-1.711888e-09
9.455023519417090e+00	5.356306e-02	-1.853845e-09
9.489227837770954e+00	5.773059e-02	-1.987898e-09
9.525994895065189e+00	5.831384e-02	-2.125234e-09
9.539018406319485e+00	5.744807e-02	-2.171707e-09
9.560286309291406e+00	5.491999e-02	-2.245076e-09
9.566286309291392e+00	5.394424e-02	-2.265063e-09
9.577286309291367e+00	5.199969e-02	-2.301209e-09
9.585333331800001e+00	5.042127e-02	-2.331459e-09
9.586333331799999e+00	5.021640e-02	-2.330269e-09
9.598030474657113e+00	4.759107e-02	-2.366846e-09
9.609727617514229e+00	4.484841e-02	-2.402339e-09
9.621424760371344e+00	4.198841e-02	-2.436748e-09
9.633121903228460e+00	3.901109e-02	-2.470074e-09
9.644819046085574e+00	3.591645e-02	-2.502316e-09
9.656516188942691e+00	3.270447e-02	-2.533475e-09
9.668213331799805e+00	2.937516e-02	-2.563550e-09
9.724586972763767e+00	1.421285e-02	-2.697591e-09
9.779689861022916e+00	9.596970e-04	-2.807452e-09
9.834844631524035e+00	-9.227755e-03	-2.893946e-09
9.893401957150211e+00	-1.622438e-02	-2.962067e-09
9.935251292315264e+00	-1.904338e-02	-2.997764e-09
9.939478371021352e+00	-1.917587e-02	-3.000435e-09
9.947932528433526e+00	-1.926030e-02	-3.004589e-09
9.964840843257875e+00	-1.928069e-02	-3.011835e-09
9.967183368751300e+00	-1.926332e-02	-3.012689e-09
9.971868419738151e+00	-1.918857e-02	-3.014091e-09
9.982259794452595e+00	-1.897452e-02	-3.016807e-09
9.984302339934082e+00	-1.891705e-02	-3.017212e-09
9.988387430897056e+00	-1.879151e-02	-3.017929e-09
9.993829816474047e+00	-1.860783e-02	-3.018738e-09
1.000099999840000e+01	-1.832327e-02	-3.019407e-09
1.000199999840000e+01	-1.828019e-02	-3.019468e-09
1.000727773541114e+01	-1.803713e-02	-3.019629e-09
1.001259702940663e+01	-1.776607e-02	-3.019514e-09
1.002323561739762e+01	-1.715332e-02	-3.018445e-09
1.004451279337957e+01	-1.570054e-02	-3.012960e-09
1.008706714534349e+01	-1.228776e-02	-2.990684e-09
1.014767149767352e+01	-7.001080e-03	-2.937788e-09
1.020168687289601e+01	-2.444524e-03	-2.868447e-09
1.025627877715161e+01	1.425675e-03	-2.775002e-09
1.031063143180288e+01	4.286671e-03	-2.661706e-09
1.034574930200541e+01	5.592703e-03	-2.578950e-09
1.034843092469493e+01	5.663788e-03	-2.572153e-09
1.035379417007398e+01	5.774471e-03	-2.558038e-09
1.036452066083206e+01	5.951194e-03	-2.529040e-09
1.038697364234824e+01	6.229403e-03	-2.466740e-09
1.039297364234822e+01	6.261238e-03	-2.449329e-09
1.040266666510004e+01	6.291464e-03	-2.420801e-09
1.040605271060370e+01	6.291974e-03	-2.410641e-09
1.041289457409268e+01	6.284851e-03	-2.389950e-09
1.041866666510000e+01	6.265366e-03	-2.372219e-09
1.041966666510000e+01	6.260843e-03	-2.369124e-09
1.042495491483445e+01	6.229513e-03	-2.352613e-09
1.043024316456891e+01	6.188757e-03	-2.335866e-09
1.043553141430336e+01	6.138575e-03	-2.318884e-09
1.044081966403782e+01	6.078968e-03	-2.301667e-09
1.044610791377227e+01	6.009934e-03	-2.284214e-09
1.045139616350673e+01	5.931474e-03	-2.266526e-09
1.045668441324118e+01	5.843589e-03	-2.248602e-09
1.049373834686443e+01	5.116152e-03	-2.119044e-09
1.052767240582358e+01	4.273971e-03	-1.992936e-09
1.057503759820598e+01	2.932571e-03	-1.804125e-09
1.063070726348886e+01	1.352402e-03	-1.566445e-09
1.068533955407242e+01	-1.939567e-05	-1.317004e-09
1.073990843598740e+01	-1.100969e-03	-1.053514e-09
1.077589369621322e+01	-1.640624e-03	-8.731351e-10
1.078189369621321e+01	-1.700201e-03	-8.420635e-10
1.078989369621319e+01	-1.769661e-03	-8.003270e-10
1.080689369621315e+01	-1.898903e-03	-7.110700e-10
1.081289369621314e+01	-1.932374e-03	-6.791916e-10
1.082389369621311e+01	-1.983860e-03	-6.204399e-10
1.083433333169999e+01	-2.017615e-03	-5.642055e-10
1.083533333169999e+01	-2.020098e-03	-5.587950e-10
1.084663080903032e+01	-2.034562e-03	-6.684864e-10
1.085792828636064e+01	-2.035035e-03	-5.872670e-10
1.086922576369097e+01	-2.021519e-03	-3.151366e-10
1.088052324102130e+01	-1.994011e-03	1.479047e-10
1.089182071835163e+01	-1.952514e-03	8.018570e-10
1.090311819568195e+01	-1.897026e-03	1.646720e-09
1.091441567301228e+01	-1.827548e-03	2.682494e-09
1.098356736988432e+01	-1.334627e-03	3.261719e-07
1.102066855278513e+01	-1.004215e-03	4.006714e-06
1.104279172336883e+01	-7.880052e-04	1.933254e-05
1.105495683671473e+01	-6.675099e-04	5.527051e-05
1.106328916219481e+01	-5.841547e-04	1.277419e-04
1.106993852858927e+01	-5.156707e-04	2.663728e-04
1.107625309309621e+01	-4.459898e-04	5.550812e-04
1.108278884786500e+01	-3.632414e-04	1.177939e-03
1.108918413553705e+01	-2.595509e-04	2.424377e-03
1.109589991714141e+01	-1.006016e-04	4.994001e-03
1.110295154236992e+01	1.643477e-04	9.809680e-03
1.110966629842758e+01	5.800247e-04	1.714929e-02
1.111697015768301e+01	1.333071e-03	2.852422e-02
1.112646786377579e+01	2.950420e-03	4.733082e-02
1.113925051925632e+01	6.575585e-03	7.691476e-02
1.115888945328470e+01	1.587831e-02	1.272734e-01
1.118842309143319e+01	3.641426e-02	2.077146e-01
1.120387381343769e+01	5.096873e-02	2.513255e-01
1.122209855439100e+01	7.179113e-02	3.038015e-01
1.122809855439098e+01	7.991415e-02	3.213194e-01
1.123909855439096e+01	9.571326e-02	3.535551e-01
1.125199999840000e+01	1.161741e-01	3.916067e-01
1.125299999840000e+01	1.178448e-01	3.945656e-01
1.126087546348204e+01	1.315721e-01	4.179357e-01
1.126875092856409e+01	1.460786e-01	4.413535e-01
1.127662639364613e+01	1.613642e-01	4.648192e-01
1.128450185872817e+01	1.774290e-01	4.883327e-01
1.129237732381022e+01	1.942730e-01	5.118940e-01
1.130025278889226e+01	2.118961e-01	5.355031e-01
1.130812825397430e+01	2.302984e-01	5.591601e-01
1.136328344079217e+01	3.693231e-01	7.246932e-01
1.142873124138652e+01	5.516130e-01	9.206895e-01
1.146070257568869e+01	6.459960e-01	1.015758e+00
1.149091100748802e+01	7.367547e-01	1.104674e+00
1.152662101391569e+01	8.423550e-01	1.208473e+00
1.157332799854117e+01	9.766070e-01	1.342437e+00
1.159199975437089e+01	1.027870e+00	1.395102e+00
1.163234326603031e+01	1.133861e+00	1.507249e+00
1.163738946588312e+01	1.146442e+00	1.521051e+00
1.164243566573594e+01	1.158891e+00	1.534810e+00
1.164748186558875e+01	1.171209e+00	1.548523e+00
1.165252806544156e+01	1.183394e+00	1.562192e+00
1.165757426529437e+01	1.195448e+00	1.575817e+00
1.166262046514719e+01	1.207370e+00	1.589397e+00
1.166766666500000e+01	1.219161e+00	1.602932e+00
1.166866666500000e+01	1.221478e+00	1.605607e+00
1.168036380785711e+01	1.248043e+00	1.636746e+00
1.169206095071423e+01	1.273757e+00	1.667524e+00
1.170375809357134e+01	1.298620e+00	1.697940e+00
1.171545523642846e+01	1.322631e+00	1.727996e+00
1.172715237928557e+01	1.345792e+00	1.757690e+00
1.173884952214269e+01	1.368101e+00	1.787024e+00
1.175054666499980e+01	1.389559e+00	1.815996e+00
1.183054666499980e+01	1.524618e+00	2.006678e+00
1.191054666499980e+01	1.639899e+00	2.182712e+00
1.199054666499980e+01	1.740360e+00	2.344613e+00
1.200533333170000e+01	1.757310e+00	2.372279e+00
1.203590666510041e+01	1.790622e+00	2.426479e+00
1.204990666510037e+01	1.805334e+00	2.450027e+00
1.206890666510033e+01	1.824992e+00	2.481193e+00
1.208533333170000e+01	1.841596e+00	2.507088e+00
1.208633333170000e+01	1.842596e+00	2.508635e+00
1.209803047455711e+01	1.854198e+00	2.526422e+00
1.210972761741423e+01	1.865564e+00	2.543614e+00
1.212142476027134e+01	1.876695e+00	2.560210e+00
1.213312190312846e+01	1.887590e+00	2.576211e+00
1.214481904598557e+01	1.898249e+00	2.591616e+00
1.215651618884269e+01	1.908673e+00	2.606426e+00
1.216821333169980e+01	1.918862e+00	2.620640e+00
1.224821333169980e+01	1.983028e+00	2.706876e+00
1.232821333169980e+01	2.035678e+00	2.772190e+00
1.240821333169980e+01	2.076549e+00	2.818368e+00
1.242099999830000e+01	2.081371e+00	2.823307e+00
1.244985333189920e+01	2.089602e+00	2.830895e+00
1.247475999510957e+01	2.094373e+00	2.834542e+00
1.247850856699392e+01	2.094936e+00	2.834902e+00
1.248225713887826e+01	2.095452e+00	2.835205e+00
1.248600571076261e+01	2.095918e+00	2.835450e+00
1.248975428264696e+01	2.096337e+00	2.835637e+00
1.249350285453130e+01	2.096706e+00	2.835765e+00
1.249725142641565e+01	2.097027e+00	2.835835e+00
1.250099999830000e+01	2.097300e+00	2.835848e+00
1.250199999829999e+01	2.097365e+00	2.835842e+00
1.250612861372198e+01	2.097593e+00	2.835769e+00
1.251025722914397e+01	2.097750e+00	2.835613e+00
1.251438584456596e+01	2.097836e+00	2.835374e+00
1.251851445998794e+01	2.097852e+00	2.835051e+00
1.252264307540993e+01	2.097797e+00	2.834645e+00
1.252677169083192e+01	2.097671e+00	2.834156e+00
1.253090030625390e+01	2.097474e+00	2.833583e+00
1.255982886475322e+01	2.094113e+00	2.827240e+00
1.261768598175186e+01	2.078785e+00	2.804379e+00
1.269768598175186e+01	2.041815e+00	2.753815e+00
1.277768598175186e+01	1.987734e+00	2.682184e+00
1.279782607935874e+01	1.971993e+00	2.661579e+00
1.281796617696561e+01	1.954939e+00	2.639222e+00
1.283810627457249e+01	1.936572e+00	2.615113e+00
1.285824637217937e+01	1.916892e+00	2.589253e+00
1.287838646978625e+01	1.895899e+00	2.561641e+00
1.289852656739312e+01	1.873594e+00	2.532277e+00
1.291866666500000e+01	1.849976e+00	2.501161e+00
1.291966666500000e+01	1.848793e+00	2.499599e+00
1.294279237928569e+01	1.820349e+00	2.461922e+00
1.296591809357137e+01	1.790699e+00	2.422518e+00
1.298904380785706e+01	1.759842e+00	2.381388e+00
1.301216952214275e+01	1.727779e+00	2.338530e+00
1.303529523642843e+01	1.694508e+00	2.293946e+00
1.305842095071412e+01	1.660031e+00	2.247634e+00
1.308154666499981e+01	1.624347e+00	2.199596e+00
1.316154666499980e+01	1.495191e+00	2.025370e+00
1.324154666499980e+01	1.356424e+00	1.837644e+00
1.325433333160000e+01	1.333120e+00	1.806096e+00
1.328318666519920e+01	1.278976e+00	1.732797e+00
1.330809332840958e+01	1.231071e+00	1.667957e+00
1.333433333160000e+01	1.179634e+00	1.598359e+00
1.333533333160000e+01	1.177654e+00	1.595679e+00
1.336252416214677e+01	1.122909e+00	1.521626e+00
1.338971499269353e+01	1.067405e+00	1.446612e+00
1.341690582324030e+01	1.011142e+00	1.370637e+00
1.344409665378707e+01	9.541201e-01	1.293701e+00
1.347128748433384e+01	8.963397e-01	1.215803e+00
1.349847831488060e+01	8.378005e-01	1.136945e+00
1.352566914542737e+01	7.785026e-01	1.057126e+00
1.357178006999827e+01	6.767914e-01	9.205102e-01
1.364649954542895e+01	5.102931e-01	6.973501e-01
1.367199999830000e+01	4.531461e-01	6.210086e-01
1.370099909255790e+01	3.879983e-01	5.342348e-01
1.370399909255789e+01	3.812621e-01	5.252830e-01
1.370799909255788e+01	3.722847e-01	5.133659e-01
1.371599909255787e+01	3.543456e-01	4.895803e-01
1.373299909255783e+01	3.162630e-01	4.391500e-01
1.374399999830002e+01	2.916832e-01	4.067076e-01
1.375199999830000e+01	2.738442e-01	3.832170e-01
1.375299999830000e+01	2.716168e-01	3.802878e-01
1.375591999829999e+01	2.651161e-01	3.717433e-01
1.375883999829998e+01	2.586232e-01	3.632213e-01
1.376175999829998e+01	2.521381e-01	3.547218e-01
1.376467999829997e+01	2.456609e-01	3.462449e-01
1.376759999829996e+01	2.391916e-01	3.377904e-01
1.377051999829996e+01	2.327301e-01	3.293585e-01
1.377343999829995e+01	2.262765e-01	3.209492e-01
1.379391999829990e+01	1.813739e-01	2.630889e-01
1.383487999829980e+01	9.337153e-02	1.540004e-01
1.387334527097327e+01	1.390007e-02	6.621461e-02
1.390100302935483e+01	-3.957908e-02	2.176382e-02
1.391923448499183e+01	-7.195338e-02	5.943171e-03
1.392886721238468e+01	-8.770009e-02	2.276364e-03
1.393334579998167e+01	-9.453950e-02	1.496559e-03
1.393886341734747e+01	-1.025258e-01	9.375208e-04
1.394511186401149e+01	-1.111416e-01	5.305631e-04
1.395049402469260e+01	-1.181806e-01	3.153413e-04
1.395549658844628e+01	-1.243677e-01	1.951420e-04
1.396083566604104e+01	-1.306100e-01	1.163742e-04
1.396592662956392e+01	-1.362222e-01	7.020668e-05
1.397102004117239e+01	-1.414997e-01	4.215669e-05
1.397587239365763e+01	-1.462137e-01	2.580682e-05
1.398076976302318e+01	-1.506612e-01	1.570359e-05
1.398554070849542e+01	-1.546977e-01	9.640274e-06
1.399034536598526e+01	-1.584687e-01	5.886545e-06
1.399505157524165e+01	-1.618792e-01	3.619718e-06
1.399977571446480e+01	-1.650226e-01	2.218717e-06
1.400443117436598e+01	-1.678491e-01	1.366598e-06
1.400909902774834e+01	-1.704074e-01	8.443085e-07
1.401428038032576e+01	-1.729232e-01	4.992667e-07
1.402041808705751e+01	-1.754739e-01	2.696164e-07
1.402792183117270e+01	-1.779687e-01	1.279050e-07
1.403764091499337e+01	-1.801964e-01	4.948184e-08
1.405091052139477e+01	-1.814276e-01	1.401367e-08
1.407145132021256e+01	-1.793558e-01	2.105633e-09
1.410834222297376e+01	-1.696579e-01	-9.773917e-11
1.411134222297375e+01	-1.683158e-01	-1.022453e-10
1.411534222297374e+01	-1.663089e-01	-1.495852e-10
1.412334222297373e+01	-1.619200e-01	-2.093531e-10
1.414034222297369e+01	-1.518140e-01	-3.130749e-10
1.414424571467744e+01	-1.492103e-01	4.885687e-09
1.414814920638120e+01	-1.465438e-01	7.562264e-09
1.415205269808496e+01	-1.438143e-01	7.716656e-09
1.415595618978872e+01	-1.410218e-01	5.348863e-09
1.415985968149248e+01	-1.381664e-01	4.588853e-10
1.416376317319624e+01	-1.352481e-01	-6.953278e-09
1.416766666490000e+01	-1.322668e-01	-1.688763e-08
1.416866666489999e+01	-1.314949e-01	-6.229060e-10
1.417959214591563e+01	-1.226521e-01	-5.897405e-10
1.419051762693126e+01	-1.137051e-01	-5.800922e-10
1.420144310794689e+01	-1.046541e-01	-5.939613e-10
1.421236858896253e+01	-9.549887e-02	-6.313476e-10
1.422329406997816e+01	-8.623956e-02	-6.922512e-10
1.423421955099379e+01	-7.687614e-02	-7.766721e-10
1.424514503200943e+01	-6.740860e-02	-8.846103e-10
1.429833712185970e+01	-2.532655e-02	-1.149859e-09
1.436258233899293e+01	1.658862e-02	-1.452970e-09
1.442093539379131e+01	4.397624e-02	-1.711878e-09
1.445502268266757e+01	5.356270e-02	-1.853841e-09
1.448922765136384e+01	5.773039e-02	-1.987898e-09
1.452599482571405e+01	5.831368e-02	-2.125234e-09
1.453901844954886e+01	5.744790e-02	-2.171707e-09
1.456028608393037e+01	5.491986e-02	-2.245075e-09
1.456628608393036e+01	5.394412e-02	-2.265063e-09
1.457728608393033e+01	5.199958e-02	-2.301208e-09
1.458533333160000e+01	5.042112e-02	-2.331459e-09
1.458633333160000e+01	5.021625e-02	-2.330269e-09
1.459803047445711e+01	4.759093e-02	-2.366846e-09
1.460972761731423e+01	4.484827e-02	-2.402339e-09
1.462142476017134e+01	4.198828e-02	-2.436748e-09
1.463312190302846e+01	3.901097e-02	-2.470074e-09
1.464481904588557e+01	3.591633e-02	-2.502316e-09
1.465651618874269e+01	3.270436e-02	-2.533475e-09
1.466821333159980e+01	2.937506e-02	-2.563550e-09
1.472458696311612e+01	1.421280e-02	-2.697591e-09
1.477968985723572e+01	9.596808e-04	-2.807452e-09
1.483484463282654e+01	-9.227740e-03	-2.893946e-09
1.489340196998656e+01	-1.622434e-02	-2.962067e-09
1.493525131316838e+01	-1.904334e-02	-2.997764e-09
1.493947840739166e+01	-1.917582e-02	-3.000435e-09
1.494793259583822e+01	-1.926025e-02	-3.004589e-09
1.496484097273135e+01	-1.928064e-02	-3.011835e-09
1.496718324441374e+01	-1.926327e-02	-3.012689e-09
1.497186778777851e+01	-1.918853e-02	-3.014090e-09
1.498226182474090e+01	-1.897441e-02	-3.016808e-09
1.498431172520656e+01	-1.891672e-02	-3.017214e-09
1.498841152613789e+01	-1.879072e-02	-3.017934e-09
1.499380039633733e+01	-1.860885e-02	-3.018734e-09
1.500099999819999e+01	-1.832321e-02	-3.019407e-09
1.500199999819999e+01	-1.828013e-02	-3.019468e-09
1.500795044535271e+01	-1.799988e-02	-3.019630e-09
1.501390089250543e+01	-1.769322e-02	-3.019443e-09
1.501985133965815e+01	-1.736016e-02	-3.018906e-09
1.502580178681087e+01	-1.700070e-02	-3.018021e-09
1.503175223396359e+01	-1.661484e-02	-3.016786e-09
1.503770268111631e+01	-1.620257e-02	-3.015202e-09
1.504365312826904e+01	-1.576391e-02	-3.013268e-09
1.508534697498526e+01	-1.243337e-02	-2.991821e-09
1.514605757102446e+01	-7.143481e-03	-2.939464e-09
1.520054735059378e+01	-2.536513e-03	-2.870115e-09
1.525504269191309e+01	1.350042e-03	-2.777386e-09
1.530929761165034e+01	4.219854e-03	-2.664559e-09
1.534687734347634e+01	5.626060e-03	-2.576140e-09
1.534987734347634e+01	5.697350e-03	-2.568400e-09
1.535387734347633e+01	5.779483e-03	-2.557865e-09
1.536187734347631e+01	5.918720e-03	-2.536368e-09
1.537787734347627e+01	6.136875e-03	-2.492327e-09
1.538666666490008e+01	6.215719e-03	-2.467402e-09
1.540208802205239e+01	6.291709e-03	-2.422532e-09
1.540808802205238e+01	6.292539e-03	-2.404527e-09
1.541450937920471e+01	6.281116e-03	-2.385012e-09
1.541866666490000e+01	6.266024e-03	-2.372219e-09
1.541966666490000e+01	6.261506e-03	-2.369124e-09
1.542765396924966e+01	6.207534e-03	-2.344060e-09
1.543564127359932e+01	6.135034e-03	-2.318497e-09
1.544362857794899e+01	6.044008e-03	-2.292435e-09
1.545161588229865e+01	5.934454e-03	-2.265874e-09
1.545960318664831e+01	5.806372e-03	-2.238813e-09
1.546759049099798e+01	5.659764e-03	-2.211254e-09
1.547557779534764e+01	5.494628e-03	-2.183195e-09
1.552090766844596e+01	4.441036e-03	-2.017989e-09
1.556403490006221e+01	3.256335e-03	-1.849028e-09
1.562228335773742e+01	1.589644e-03	-1.603260e-09
1.567689088989079e+01	1.775267e-04	-1.356631e-09
1.573159422045616e+01	-9.460290e-04	-1.094157e-09
1.577765671375167e+01	-1.659837e-03	-8.640368e-10
1.578365671375166e+01	-1.718146e-03	-8.329160e-10
1.579165671375164e+01	-1.785925e-03	-7.911162e-10
1.580865671375160e+01	-1.911621e-03	-7.017282e-10
1.581465671375159e+01	-1.943866e-03	-6.698053e-10
1.582565671375156e+01	-1.993134e-03	-6.109731e-10
1.583433333150000e+01	-2.020500e-03	-5.642056e-10
1.583533333150000e+01	-2.023010e-03	-5.587950e-10
1.584117904578570e+01	-2.034289e-03	-5.271407e-10
1.584702476007140e+01	-2.040965e-03	-4.952377e-10
1.585287047435710e+01	-2.043038e-03	-4.630858e-10
1.585871618864280e+01	-2.040508e-03	-4.306851e-10
1.586456190292850e+01	-2.033374e-03	-3.980356e-10
1.587040761721420e+01	-2.021638e-03	-3.651372e-10
1.587625333149990e+01	-2.005299e-03	-3.319900e-10
1.591721333149980e+01	-1.815640e-03	3.659939e-09
1.598592330281409e+01	-1.318128e-03	4.151835e-07
1.602275113119726e+01	-9.874091e-04	4.832901e-06
1.604432191557219e+01	-7.759352e-04	2.258971e-05
1.605624441164933e+01	-6.575250e-04	6.362068e-05
1.606443875950841e+01	-5.751483e-04	1.456823e-04
1.607105721199764e+01	-5.060851e-04	3.096812e-04
1.607806705685723e+01	-4.266546e-04	6.895641e-04
1.608438846647945e+01	-3.419987e-04	1.419879e-03
1.609110681124456e+01	-2.227018e-04	2.999211e-03
1.609775736206859e+01	-4.319066e-05	6.043969e-03
1.610516399317145e+01	2.807092e-04	1.194898e-02
1.611191823215459e+01	7.762227e-04	2.033005e-02
1.612008737325293e+01	1.776005e-03	3.429350e-02
1.613031436409118e+01	3.852875e-03	5.582619e-02
1.614518171223276e+01	8.862008e-03	9.163963e-02
1.616703839685130e+01	2.126591e-02	1.492087e-01
1.620333525668864e+01	4.968562e-02	2.496225e-01
1.620633525668863e+01	5.285477e-02	2.582104e-01
1.621033525668862e+01	5.744483e-02	2.697410e-01
1.621833525668860e+01	6.737154e-02	2.929347e-01
1.623533525668856e+01	9.007843e-02	3.424963e-01
1.623771593404734e+01	9.360560e-02	3.494896e-01
1.624009661140612e+01	9.719812e-02	3.564903e-01
1.624247728876489e+01	1.008560e-01	3.634986e-01
1.624485796612367e+01	1.045792e-01	3.705144e-01
1.624723864348245e+01	1.083678e-01	3.775377e-01
1.624961932084122e+01	1.122217e-01	3.845685e-01
1.625199999820000e+01	1.161409e-01	3.916068e-01
1.625299999820000e+01	1.178108e-01	3.945656e-01
1.626356772495716e+01	1.365158e-01	4.259588e-01
1.627413545171432e+01	1.565231e-01	4.574184e-01
1.628470317847147e+01	1.778327e-01	4.889444e-01
1.629527090522863e+01	2.004445e-01	5.205368e-01
1.630583863198579e+01	2.243586e-01	5.521956e-01
1.631640635874295e+01	2.495750e-01	5.839208e-01
1.632697408550011e+01	2.760937e-01	6.157125e-01
1.640096623729041e+01	4.720544e-01	8.377162e-01
1.644291837745710e+01	5.926424e-01	9.629547e-01
1.647831617144548e+01	6.985697e-01	1.067581e+00
1.652192998772019e+01	8.282268e-01	1.194836e+00
1.656569810754242e+01	9.546201e-01	1.320621e+00
1.659667978328790e+01	1.040858e+00	1.408378e+00
1.660570331330904e+01	1.065012e+00	1.433603e+00
1.662375037335130e+01	1.111925e+00	1.483587e+00
1.663157254471547e+01	1.131758e+00	1.505087e+00
1.665021688744380e+01	1.177847e+00	1.555943e+00
1.666766666480000e+01	1.219181e+00	1.602932e+00
1.666866666479999e+01	1.221500e+00	1.605607e+00
1.668036380765711e+01	1.248076e+00	1.636746e+00
1.669206095051422e+01	1.273801e+00	1.667524e+00
1.670375809337134e+01	1.298673e+00	1.697940e+00
1.671545523622845e+01	1.322692e+00	1.727996e+00
1.672715237908557e+01	1.345860e+00	1.757690e+00
1.673884952194268e+01	1.368175e+00	1.787024e+00
1.675054666479980e+01	1.389638e+00	1.815996e+00
1.683054666479980e+01	1.524711e+00	2.006678e+00
1.691054666479980e+01	1.639980e+00	2.182712e+00
1.699054666479979e+01	1.740411e+00	2.344613e+00
1.700533333150000e+01	1.757354e+00	2.372279e+00
1.703590666490042e+01	1.790651e+00	2.426479e+00
1.704990666490039e+01	1.805356e+00	2.450027e+00
1.706890666490035e+01	1.825006e+00	2.481193e+00
1.708533333150000e+01	1.841602e+00	2.507088e+00
1.708633333150000e+01	1.842602e+00	2.508635e+00
1.709217904578570e+01	1.848417e+00	2.517596e+00
1.709802476007140e+01	1.854177e+00	2.526409e+00
1.710387047435710e+01	1.859883e+00	2.535075e+00
1.710971618864280e+01	1.865535e+00	2.543593e+00
1.711556190292850e+01	1.871133e+00	2.551964e+00
1.712140761721420e+01	1.876676e+00	2.560188e+00
1.712725333149990e+01	1.882166e+00	2.568264e+00
1.716821333149981e+01	1.918843e+00	2.620640e+00
1.724821333149981e+01	1.982998e+00	2.706876e+00
1.732821333149980e+01	2.035648e+00	2.772190e+00
1.740821333149980e+01	2.076527e+00	2.818368e+00
1.742099999810000e+01	2.081351e+00	2.823307e+00
1.744985333169920e+01	2.089587e+00	2.830895e+00
1.747475999490958e+01	2.094361e+00	2.834542e+00
1.747850856679392e+01	2.094925e+00	2.834902e+00
1.748225713867827e+01	2.095441e+00	2.835205e+00
1.748600571056262e+01	2.095908e+00	2.835450e+00
1.748975428244696e+01	2.096327e+00	2.835637e+00
1.749350285433131e+01	2.096698e+00	2.835765e+00
1.749725142621565e+01	2.097019e+00	2.835835e+00
1.750099999810000e+01	2.097293e+00	2.835848e+00
1.750199999810000e+01	2.097358e+00	2.835842e+00
1.750612861352261e+01	2.097586e+00	2.835769e+00
1.751025722894522e+01	2.097744e+00	2.835613e+00
1.751438584436783e+01	2.097831e+00	2.835374e+00
1.751851445979043e+01	2.097847e+00	2.835051e+00
1.752264307521304e+01	2.097792e+00	2.834645e+00
1.752677169063566e+01	2.097667e+00	2.834156e+00
1.753090030605826e+01	2.097471e+00	2.833583e+00
1.755982886456195e+01	2.094113e+00	2.827240e+00
1.761768598156932e+01	2.078791e+00	2.804379e+00
1.769768598156932e+01	2.041825e+00	2.753815e+00
1.777768598156932e+01	1.987744e+00	2.682184e+00
1.783966666480000e+01	1.935601e+00	2.613772e+00
1.785366666479997e+01	1.921503e+00	2.595290e+00
1.786966666479993e+01	1.904772e+00	2.573324e+00
1.788966666480007e+01	1.883224e+00	2.544999e+00
1.789380952194292e+01	1.878599e+00	2.538909e+00
1.789795237908576e+01	1.873932e+00	2.532762e+00
1.790209523622861e+01	1.869225e+00	2.526557e+00
1.790623809337146e+01	1.864476e+00	2.520295e+00
1.791038095051431e+01	1.859685e+00	2.513975e+00
1.791452380765715e+01	1.854853e+00	2.507597e+00
1.791866666480000e+01	1.849980e+00	2.501161e+00
1.791966666480000e+01	1.848797e+00	2.499599e+00
1.793136380765711e+01	1.834728e+00	2.480995e+00
1.794306095051423e+01	1.820278e+00	2.461847e+00
1.795475809337134e+01	1.805446e+00	2.442153e+00
1.796645523622846e+01	1.790232e+00	2.421914e+00
1.797815237908558e+01	1.774637e+00	2.401129e+00
1.798984952194269e+01	1.758659e+00	2.379800e+00
1.800154666479980e+01	1.742301e+00	2.357925e+00
1.808154666479980e+01	1.624345e+00	2.199596e+00
1.816154666479980e+01	1.495188e+00	2.025370e+00
1.824154666479980e+01	1.356421e+00	1.837644e+00
1.825105333100120e+01	1.339035e+00	1.814105e+00
1.826055999720259e+01	1.321475e+00	1.790332e+00
1.827006666340399e+01	1.303741e+00	1.766325e+00
1.827957332960538e+01	1.285833e+00	1.742084e+00
1.828907999580678e+01	1.267752e+00	1.717609e+00
1.829858666200818e+01	1.249497e+00	1.692900e+00
1.830809332820957e+01	1.231068e+00	1.667957e+00
1.833433333140000e+01	1.179632e+00	1.598359e+00
1.833533333139999e+01	1.177652e+00	1.595679e+00
1.836252416196217e+01	1.122907e+00	1.521626e+00
1.838971499252435e+01	1.067403e+00	1.446612e+00
1.841690582308653e+01	1.011141e+00	1.370637e+00
1.844409665364870e+01	9.541199e-01	1.293701e+00
1.847128748421088e+01	8.963398e-01	1.215803e+00
1.849847831477306e+01	8.378010e-01	1.136945e+00
1.852566914533524e+01	7.785033e-01	1.057126e+00
1.857178006984842e+01	6.767924e-01	9.205102e-01
1.864649954518734e+01	5.102943e-01	6.973501e-01
1.867199999810000e+01	4.531472e-01	6.210086e-01
1.870099909227468e+01	3.879994e-01	5.342348e-01
1.870399909227467e+01	3.812631e-01	5.252830e-01
1.870799909227466e+01	3.722858e-01	5.133659e-01
1.871599909227464e+01	3.543467e-01	4.895803e-01
1.873299909227460e+01	3.162640e-01	4.391500e-01
1.874399999810002e+01	2.916841e-01	4.067076e-01
1.875199999810000e+01	2.738450e-01	3.832170e-01
1.875299999809999e+01	2.716177e-01	3.802878e-01
1.875591999809999e+01	2.651169e-01	3.717433e-01
1.875883999809998e+01	2.586240e-01	3.632213e-01
1.876175999809997e+01	2.521389e-01	3.547218e-01
1.876467999809997e+01	2.456617e-01	3.462449e-01
1.876759999809996e+01	2.391924e-01	3.377904e-01
1.877051999809995e+01	2.327309e-01	3.293585e-01
1.877343999809995e+01	2.262772e-01	3.209492e-01
1.879391999809989e+01	1.813745e-01	2.630889e-01
1.883487999809980e+01	9.337191e-02	1.540004e-01
1.887334527086069e+01	1.390024e-02	6.621461e-02
1.890100302929547e+01	-3.957905e-02	2.176382e-02
1.891923448492321e+01	-7.195343e-02	5.943171e-03
1.892886721237618e+01	-8.770019e-02	2.276364e-03
1.893334579997890e+01	-9.453961e-02	1.496559e-03
1.893886341733285e+01	-1.025259e-01	9.375208e-04
1.894511186399232e+01	-1.111417e-01	5.305631e-04
1.895049402467620e+01	-1.181807e-01	3.153413e-04
1.895549658843063e+01	-1.243679e-01	1.951420e-04
1.896083566602688e+01	-1.306102e-01	1.163742e-04
1.896592662954901e+01	-1.362224e-01	7.020668e-05
1.897102004115810e+01	-1.414999e-01	4.215669e-05
1.897587239364303e+01	-1.462139e-01	2.580682e-05
1.898076976300918e+01	-1.506615e-01	1.570359e-05
1.898554070848120e+01	-1.546980e-01	9.640274e-06
1.899034536597141e+01	-1.584690e-01	5.886545e-06
1.899505157522763e+01	-1.618795e-01	3.619718e-06
1.899977571445103e+01	-1.650230e-01	2.218717e-06
1.900443117435212e+01	-1.678494e-01	1.366598e-06
1.900909902773469e+01	-1.704078e-01	8.443085e-07
1.901428038031045e+01	-1.729235e-01	4.992667e-07
1.902041808703797e+01	-1.754742e-01	2.696164e-07
1.902792183114958e+01	-1.779691e-01	1.279050e-07
1.903764091495999e+01	-1.801968e-01	4.948184e-08
1.905091052135120e+01	-1.814280e-01	1.401367e-08
1.907145132013321e+01	-1.793562e-01	2.105632e-09
1.910834222281357e+01	-1.696583e-01	-9.773830e-11
1.911134222281356e+01	-1.683162e-01	-1.022444e-10
1.911534222281355e+01	-1.663092e-01	-1.495846e-10
1.912334222281353e+01	-1.619203e-01	-2.093534e-10
1.914034222281349e+01	-1.518143e-01	-3.130755e-10
1.915434222281346e+01	-1.421908e-01	-3.838917e-10
1.916766666469999e+01	-1.322671e-01	-1.688763e-08
1.916866666469999e+01	-1.314952e-01	-6.229066e-10
1.917959058808896e+01	-1.226537e-01	-5.897323e-10
1.919051451147792e+01	-1.137080e-01	-5.800755e-10
1.920143843486689e+01	-1.046583e-01	-5.939362e-10
1.921236235825585e+01	-9.550438e-02	-6.313144e-10
1.922328628164482e+01	-8.624638e-02	-6.922102e-10
1.923421020503378e+01	-7.688426e-02	-7.766235e-10
1.924513412842275e+01	-6.741803e-02	-8.845543e-10
1.929833163538098e+01	-2.533092e-02	-1.149831e-09
1.936257534563017e+01	1.658478e-02	-1.452938e-09
1.942092913488657e+01	4.397403e-02	-1.711851e-09
1.945502030754156e+01	5.356217e-02	-1.853832e-09
1.948922712224468e+01	5.773044e-02	-1.987895e-09
1.952599462885989e+01	5.831384e-02	-2.125233e-09
1.953901857262377e+01	5.744806e-02	-2.171707e-09
1.956028544387223e+01	5.492013e-02	-2.245073e-09
1.956628544387222e+01	5.394440e-02	-2.265061e-09
1.957728544387219e+01	5.199986e-02	-2.301206e-09
1.958533333140000e+01	5.042128e-02	-2.331460e-09
1.958633333140000e+01	5.021642e-02	-2.330269e-09
1.959803047425711e+01	4.759108e-02	-2.366846e-09
1.960972761711423e+01	4.484842e-02	-2.402339e-09
1.962142475997134e+01	4.198843e-02	-2.436748e-09
1.963312190282846e+01	3.901111e-02	-2.470074e-09
1.964481904568558e+01	3.591646e-02	-2.502316e-09
1.965651618854269e+01	3.270449e-02	-2.533475e-09
1.966821333139981e+01	2.937518e-02	-2.563550e-09
1.972458698120522e+01	1.421287e-02	-2.697591e-09
1.977968986398261e+01	9.597100e-04	-2.807452e-09
1.983484462972325e+01	-9.227744e-03	-2.893946e-09
1.989340194455971e+01	-1.622437e-02	-2.962067e-09
1.993525127221633e+01	-1.904338e-02	-2.997764e-09
1.993947833639628e+01	-1.917587e-02	-3.000435e-09
1.994793246475619e+01	-1.926030e-02	-3.004589e-09
1.996484072147599e+01	-1.928069e-02	-3.011835e-09
1.996718348456039e+01	-1.926332e-02	-3.012689e-09
1.997186901072921e+01	-1.918856e-02	-3.014091e-09
1.998225789332474e+01	-1.897458e-02	-3.016807e-09
1.998429355384056e+01	-1.891732e-02	-3.017211e-09
1.998836487487219e+01	-1.879220e-02	-3.017925e-09
1.999385735393673e+01	-1.860682e-02	-3.018741e-09
1.999971468387344e+01	-1.837741e-02	-3.019317e-09
2.000000000000000e+01	-1.836555e-02	-3.019340e-09
