time	V(y)	V(recti)
0.000000000000000e+00	-2.718057e-05	-3.210640e-09
9.999992000011559e-04	2.094111e-03	-3.015627e-09
1.999999200002378e-03	4.204641e-03	-3.016631e-09
7.845720500612736e-03	1.628737e-02	-3.017639e-09
1.369144180122310e-02	2.785370e-02	-3.016560e-09
1.953716310183345e-02	3.890361e-02	-3.013395e-09
2.538288440244381e-02	4.943712e-02	-3.008143e-09
3.122860570305417e-02	5.945422e-02	-3.000804e-09
3.707432700366453e-02	6.895490e-02	-2.991378e-09
4.292004830427487e-02	7.793918e-02	-2.979866e-09
8.292004830427402e-02	1.297188e-01	-2.865262e-09
1.229200483042732e-01	1.637492e-01	-2.683823e-09
1.629200483042723e-01	1.786293e-01	-2.428830e-09
2.029200483042715e-01	1.766531e-01	-2.104308e-09
2.429200483042706e-01	1.610347e-01	-1.715374e-09
2.829200483042698e-01	1.354862e-01	-1.268162e-09
3.229200483042689e-01	1.038336e-01	-7.692119e-10
3.629200483042681e-01	6.948420e-02	-1.826304e-10
3.786666659000026e-01	5.576601e-02	4.462491e-10
3.871734307085326e-01	4.846795e-02	1.838052e-08
4.026531362829431e-01	3.543410e-02	1.154770e-07
4.081561118836987e-01	3.094406e-02	5.395476e-07
4.117276461630368e-01	2.806330e-02	1.396330e-06
4.145492576813545e-01	2.580710e-02	2.754954e-06
4.164447208986921e-01	2.430354e-02	4.436378e-06
4.167621416131649e-01	2.405301e-02	4.833367e-06
4.170795623276377e-01	2.380275e-02	5.283086e-06
4.173969830421105e-01	2.355278e-02	5.785534e-06
4.177144037565834e-01	2.330307e-02	6.340713e-06
4.180318244710562e-01	2.305364e-02	6.948622e-06
4.183492451855290e-01	2.280449e-02	7.609261e-06
4.186666659000018e-01	2.255562e-02	8.322630e-06
4.196666659000030e-01	2.177345e-02	1.111833e-05
4.203294518507746e-01	2.125694e-02	1.333519e-05
4.209922378015461e-01	2.074173e-02	1.659411e-05
4.216550237523177e-01	2.022780e-02	2.089510e-05
4.223178097030892e-01	1.971517e-02	2.623814e-05
4.229805956538608e-01	1.920382e-02	3.262324e-05
4.236433816046323e-01	1.869376e-02	4.005041e-05
4.243061675554038e-01	1.818500e-02	4.851963e-05
4.265310408635159e-01	1.648558e-02	9.576143e-05
4.290007108746146e-01	1.461680e-02	2.003696e-04
4.314318008408229e-01	1.279648e-02	4.119309e-04
4.339693116364067e-01	1.091921e-02	8.658222e-04
4.364867129226120e-01	9.083549e-03	1.787832e-03
4.390992440207562e-01	7.214619e-03	3.701037e-03
4.417978318646263e-01	5.338570e-03	7.490849e-03
4.447757064373796e-01	3.367726e-03	1.495506e-02
4.484034910764052e-01	1.214374e-03	2.967384e-02
4.546890576223639e-01	-1.780974e-03	6.431869e-02
4.618509532675503e-01	-3.940942e-03	1.101640e-01
4.698682250740163e-01	-4.465336e-03	1.651373e-01
4.791269321524396e-01	-1.797676e-03	2.310580e-01
4.970710338429534e-01	1.343486e-02	3.625588e-01
5.252246864890040e-01	6.191364e-02	5.725516e-01
5.652246864890031e-01	1.766995e-01	8.717748e-01
6.052246864890023e-01	3.422397e-01	1.166013e+00
6.452246864890014e-01	5.554197e-01	1.449372e+00
6.852246864890006e-01	8.050330e-01	1.716671e+00
7.252246864889997e-01	1.077458e+00	1.963282e+00
7.652246864889989e-01	1.358785e+00	2.187052e+00
7.973333325000063e-01	1.584020e+00	2.350365e+00
8.026190467857199e-01	1.620146e+00	2.374507e+00
8.079047610714335e-01	1.655848e+00	2.398091e+00
8.131904753571472e-01	1.691126e+00	2.421118e+00
8.184761896428608e-01	1.725981e+00	2.443587e+00
8.237619039285745e-01	1.760413e+00	2.465498e+00
8.290476182142881e-01	1.794422e+00	2.486851e+00
8.343333325000017e-01	1.828007e+00	2.507647e+00
8.353333325000030e-01	1.834288e+00	2.511504e+00
8.468933324999891e-01	1.904845e+00	2.553708e+00
8.584533324999752e-01	1.971850e+00	2.592773e+00
8.700133324999615e-01	2.035302e+00	2.628699e+00
8.815733324999476e-01	2.095203e+00	2.661486e+00
8.931333324999338e-01	2.151552e+00	2.691134e+00
9.046933324999199e-01	2.204348e+00	2.717643e+00
9.162533324999060e-01	2.253592e+00	2.741013e+00
9.562533324999052e-01	2.400223e+00	2.804582e+00
9.886073787609853e-01	2.480451e+00	2.826900e+00
1.025764045629423e+00	2.526662e+00	2.818748e+00
1.065764045629422e+00	2.527011e+00	2.773747e+00
1.105764045629421e+00	2.477337e+00	2.691380e+00
1.145764045629420e+00	2.380228e+00	2.572290e+00
1.185764045629419e+00	2.243488e+00	2.421150e+00
1.212999999200004e+00	2.131770e+00	2.302587e+00
1.218571427771433e+00	2.105560e+00	2.275395e+00
1.224142856342861e+00	2.078790e+00	2.247661e+00
1.229714284914289e+00	2.051459e+00	2.219386e+00
1.235285713485718e+00	2.023568e+00	2.190568e+00
1.240857142057146e+00	1.995115e+00	2.161209e+00
1.246428570628574e+00	1.966101e+00	2.131308e+00
1.251999999200002e+00	1.936527e+00	2.100865e+00
1.252999999200004e+00	1.931159e+00	2.095339e+00
1.275988570628561e+00	1.799662e+00	1.960157e+00
1.298977142057118e+00	1.663691e+00	1.819290e+00
1.321965713485676e+00	1.523247e+00	1.672736e+00
1.344954284914233e+00	1.378328e+00	1.520498e+00
1.367942856342790e+00	1.228936e+00	1.362573e+00
1.390931427771348e+00	1.075070e+00	1.198964e+00
1.413919999199905e+00	9.167308e-01	1.029668e+00
1.453919999199904e+00	6.431211e-01	7.338749e-01
1.487739944078939e+00	4.126317e-01	4.846265e-01
1.525441259934556e+00	1.606611e-01	2.230054e-01
1.551456899969992e+00	-7.288984e-03	7.426401e-02
1.565741394753722e+00	-9.452634e-02	2.475908e-02
1.579993638158804e+00	-1.768166e-01	3.634002e-03
1.582559868248644e+00	-1.909427e-01	2.199459e-03
1.585232923256857e+00	-2.051153e-01	1.655206e-03
1.588751763522769e+00	-2.233382e-01	1.144164e-03
1.593059956246133e+00	-2.450378e-01	7.193545e-04
1.597391621575408e+00	-2.661546e-01	4.462951e-04
1.601959870695097e+00	-2.876465e-01	2.686776e-04
1.606192164780285e+00	-3.068278e-01	1.673351e-04
1.610565407813802e+00	-3.258926e-01	1.030555e-04
1.614802986995823e+00	-3.436384e-01	6.435473e-05
1.619184302194771e+00	-3.612293e-01	3.960832e-05
1.623458074050777e+00	-3.776490e-01	2.462734e-05
1.627817708217272e+00	-3.936416e-01	1.518499e-05
1.632099164007037e+00	-4.086054e-01	9.435776e-06
1.636445686566212e+00	-4.230433e-01	5.826190e-06
1.645077584164717e+00	-4.494767e-01	2.234399e-06
1.653710982928427e+00	-4.729206e-01	8.631791e-07
1.661955672315244e+00	-4.927854e-01	3.265247e-07
1.662771528527353e+00	-4.945932e-01	1.919373e-07
1.663587384739461e+00	-4.963753e-01	1.195068e-07
1.664403240951569e+00	-4.981317e-01	1.092333e-07
1.665219097163677e+00	-4.998624e-01	1.611167e-07
1.666034953375786e+00	-5.015674e-01	2.751570e-07
1.666850809587894e+00	-5.032467e-01	4.513543e-07
1.667666665800002e+00	-5.049003e-01	6.897085e-07
1.668666665800004e+00	-5.068870e-01	1.524454e-07
1.671586665799996e+00	-5.124196e-01	1.171658e-07
1.674506665799990e+00	-5.175610e-01	8.748718e-08
1.677426665799983e+00	-5.223112e-01	6.340958e-08
1.680346665799975e+00	-5.266701e-01	4.493298e-08
1.683266665799968e+00	-5.306378e-01	3.205736e-08
1.686186665799962e+00	-5.342143e-01	2.478274e-08
1.689106665799954e+00	-5.373995e-01	2.310911e-08
1.709586665799907e+00	-5.512042e-01	3.095060e-09
1.742395952852334e+00	-5.471522e-01	-1.474577e-09
1.782395952852333e+00	-5.071898e-01	-1.765366e-09
1.822395952852332e+00	-4.360760e-01	-2.173454e-09
1.862395952852332e+00	-3.432993e-01	-2.475162e-09
1.902395952852331e+00	-2.401418e-01	-2.721769e-09
1.942395952852330e+00	-1.366623e-01	-2.888604e-09
1.982395952852329e+00	-4.112034e-02	-2.980743e-09
2.022395952852328e+00	4.239143e-02	-3.002308e-09
2.046333332500005e+00	8.565894e-02	-2.983908e-09
2.052333332500012e+00	9.464644e-02	-2.971670e-09
2.060333332500022e+00	1.059110e-01	-2.952641e-09
2.072333332499987e+00	1.216595e-01	-2.919793e-09
2.085333332500003e+00	1.364155e-01	-2.831144e-09
2.086333332500004e+00	1.374578e-01	-2.872139e-09
2.092179046785705e+00	1.432162e-01	-2.848835e-09
2.098024761071405e+00	1.484538e-01	-2.823610e-09
2.103870475357106e+00	1.531705e-01	-2.796466e-09
2.109716189642806e+00	1.573665e-01	-2.767401e-09
2.115561903928507e+00	1.610416e-01	-2.736416e-09
2.121407618214207e+00	1.641959e-01	-2.703511e-09
2.127253332499908e+00	1.668293e-01	-2.668686e-09
2.167253332499907e+00	1.769243e-01	-2.396946e-09
2.207253332499906e+00	1.731054e-01	-2.065186e-09
2.247253332499906e+00	1.562597e-01	-1.669622e-09
2.287253332499905e+00	1.300850e-01	-1.216505e-09
2.327253332499904e+00	9.834782e-02	-7.112654e-10
2.367253332499903e+00	6.457249e-02	1.848147e-07
2.407253332499902e+00	3.123809e-02	3.025280e-05
2.424628817387415e+00	1.748768e-02	4.055928e-04
2.434369764927741e+00	1.021301e-02	1.948778e-03
2.439690825658726e+00	6.425942e-03	5.407698e-03
2.443494730415615e+00	3.865664e-03	1.204021e-02
2.447329183407852e+00	1.497378e-03	2.481698e-02
2.451718274531849e+00	-7.802440e-04	4.668818e-02
2.458811479445988e+00	-3.451449e-03	9.011205e-02
2.465428632669735e+00	-4.622495e-03	1.343311e-01
2.474218493939436e+00	-3.719789e-03	1.958869e-01
2.486598150459333e+00	5.259663e-04	2.846602e-01
2.487598150459334e+00	1.076867e-03	2.919297e-01
2.489598150459337e+00	2.518368e-03	3.065928e-01
2.493598150459341e+00	5.688532e-03	3.360040e-01
2.494598150459343e+00	6.562295e-03	3.433780e-01
2.496999999099998e+00	8.837258e-03	3.611324e-01
2.499999999100002e+00	1.199634e-02	3.833757e-01
2.500999999100003e+00	1.311655e-02	3.908030e-01
2.501999999100004e+00	1.427921e-02	3.982382e-01
2.507845713385705e+00	2.200020e-02	4.419288e-01
2.513691427671405e+00	3.129382e-02	4.856703e-01
2.519537141957106e+00	4.216005e-02	5.294626e-01
2.525382856242806e+00	5.459891e-02	5.733058e-01
2.531228570528507e+00	6.861039e-02	6.171998e-01
2.537074284814207e+00	8.419450e-02	6.611447e-01
2.542919999099908e+00	1.013512e-01	7.051404e-01
2.582919999099907e+00	2.443601e-01	1.002813e+00
2.622919999099906e+00	4.323996e-01	1.292948e+00
2.662919999099906e+00	6.633728e-01	1.569867e+00
2.702919999099905e+00	9.248540e-01	1.828583e+00
2.742919999099904e+00	1.202598e+00	2.064686e+00
2.782919999099903e+00	1.481818e+00	2.274259e+00
2.822919999099902e+00	1.748294e+00	2.453867e+00
2.862919999099901e+00	1.995114e+00	2.605996e+00
2.878666665800004e+00	2.084203e+00	2.657078e+00
2.902653332600419e+00	2.204576e+00	2.720704e+00
2.918666665800004e+00	2.275396e+00	2.755258e+00
2.919666665800005e+00	2.279566e+00	2.757215e+00
2.930798443220627e+00	2.322773e+00	2.776475e+00
2.941930220641249e+00	2.361967e+00	2.792754e+00
2.953061998061872e+00	2.397147e+00	2.806052e+00
2.964193775482494e+00	2.428314e+00	2.816369e+00
2.975325552903116e+00	2.455468e+00	2.823705e+00
2.986457330323738e+00	2.478607e+00	2.828060e+00
2.997589107744361e+00	2.497734e+00	2.829435e+00
3.029103901541077e+00	2.530484e+00	2.817902e+00
3.069103901541077e+00	2.524465e+00	2.768312e+00
3.109103901541076e+00	2.470591e+00	2.682818e+00
3.149103901541075e+00	2.369684e+00	2.560742e+00
3.189103901541074e+00	2.226605e+00	2.404069e+00
3.229103901541073e+00	2.047004e+00	2.215358e+00
3.269103901541072e+00	1.839017e+00	1.999985e+00
3.297333332400008e+00	1.678483e+00	1.834264e+00
3.302619046685721e+00	1.646438e+00	1.801123e+00
3.307904760971435e+00	1.614106e+00	1.767633e+00
3.313190475257149e+00	1.581488e+00	1.733793e+00
3.318476189542863e+00	1.548582e+00	1.699605e+00
3.323761903828576e+00	1.515391e+00	1.665067e+00
3.329047618114290e+00	1.481912e+00	1.630180e+00
3.334333332400004e+00	1.448147e+00	1.594944e+00
3.335333332400005e+00	1.441731e+00	1.588239e+00
3.346893332399991e+00	1.366449e+00	1.509287e+00
3.358453332399977e+00	1.290490e+00	1.429239e+00
3.370013332399963e+00	1.213855e+00	1.348095e+00
3.381573332399949e+00	1.136543e+00	1.265855e+00
3.393133332399935e+00	1.058555e+00	1.182519e+00
3.404693332399922e+00	9.798895e-01	1.098087e+00
3.416253332399908e+00	9.005477e-01	1.012559e+00
3.456253332399907e+00	6.269348e-01	7.165105e-01
3.488607378723813e+00	4.065781e-01	4.781850e-01
3.525764045615592e+00	1.584341e-01	2.206155e-01
3.551338551393847e+00	-6.602098e-03	7.446862e-02
3.565532363575347e+00	-9.330822e-02	2.510907e-02
3.579696487292566e+00	-1.751623e-01	3.801091e-03
3.582326563419848e+00	-1.896576e-01	2.290422e-03
3.585016816383167e+00	-2.039400e-01	1.720100e-03
3.588574975374176e+00	-2.223871e-01	1.184150e-03
3.592899446988255e+00	-2.441714e-01	7.463659e-04
3.597707502361082e+00	-2.676007e-01	4.384621e-04
3.602035319513366e+00	-2.879371e-01	2.690747e-04
3.606380023945206e+00	-3.075961e-01	1.659183e-04
3.610584205197028e+00	-3.258997e-01	1.040371e-04
3.614962126981194e+00	-3.442088e-01	6.409851e-05
3.619245285212781e+00	-3.613834e-01	3.981802e-05
3.623608711183323e+00	-3.781229e-01	2.453746e-05
3.627889933066573e+00	-3.938048e-01	1.524638e-05
3.632233941360550e+00	-4.089632e-01	9.416780e-06
3.636527553122932e+00	-4.232029e-01	5.844690e-06
3.645166948212800e+00	-4.496210e-01	2.239813e-06
3.653805085676595e+00	-4.730400e-01	8.645832e-07
3.658853432366168e+00	-4.853179e-01	5.022364e-07
3.664524819140713e+00	-4.978684e-01	2.748131e-07
3.672042572671970e+00	-5.125113e-01	1.255329e-07
3.681461164378547e+00	-5.276423e-01	4.709017e-08
3.695234891684475e+00	-5.433143e-01	1.143582e-08
3.716417703264934e+00	-5.589527e-01	-1.785380e-09
3.717417703264935e+00	-5.593669e-01	-1.642320e-09
3.719417703264938e+00	-5.597240e-01	-1.193304e-09
3.723417703264943e+00	-5.599660e-01	-1.372816e-09
3.731417703264952e+00	-5.592976e-01	-1.354550e-09
3.735999999099985e+00	-5.581058e-01	-1.367165e-09
3.743835407429941e+00	-5.547793e-01	-1.672172e-09
3.748999999100000e+00	-5.515041e-01	-1.447006e-09
3.751999999100004e+00	-5.492705e-01	4.858105e-07
3.752999999100005e+00	-5.484702e-01	-4.116297e-09
3.755919999099998e+00	-5.459405e-01	-2.462184e-09
3.758839999099991e+00	-5.431589e-01	-1.244748e-09
3.761759999099984e+00	-5.401256e-01	-4.639889e-10
3.764679999099978e+00	-5.368404e-01	-1.199066e-10
3.767599999099970e+00	-5.333033e-01	-2.125011e-10
3.770519999099963e+00	-5.295145e-01	-7.417726e-10
3.773439999099956e+00	-5.254738e-01	-1.707721e-09
3.793919999099909e+00	-4.918917e-01	-1.910118e-09
3.833919999099908e+00	-4.093716e-01	-2.262428e-09
3.873919999099908e+00	-3.126648e-01	-2.555423e-09
3.913919999099907e+00	-2.087180e-01	-2.776903e-09
3.953919999099906e+00	-1.065849e-01	-2.926376e-09
3.987739944041756e+00	-2.786312e-02	-2.990905e-09
4.025441259920719e+00	4.651507e-02	-2.992862e-09
4.065441259920718e+00	1.079510e-01	-2.920683e-09
4.105441259920717e+00	1.520452e-01	-2.780629e-09
4.127666665700005e+00	1.693001e-01	-2.675454e-09
4.128666665700003e+00	1.698725e-01	-2.669924e-09
4.130666665699998e+00	1.708381e-01	-2.658200e-09
4.134666665699989e+00	1.725918e-01	-2.634189e-09
4.142666665699970e+00	1.755629e-01	-2.584030e-09
4.152666665700039e+00	1.785862e-01	-2.518610e-09
4.154809522842891e+00	1.790406e-01	-2.512983e-09
4.156952379985744e+00	1.794469e-01	-2.502121e-09
4.159095237128596e+00	1.798050e-01	-2.486026e-09
4.161238094271448e+00	1.801149e-01	-2.464696e-09
4.163380951414299e+00	1.803767e-01	-2.438132e-09
4.165523808557152e+00	1.805903e-01	-2.406334e-09
4.167666665700004e+00	1.807557e-01	-2.369302e-09
4.168666665700002e+00	1.808150e-01	-2.403875e-09
4.171586665699995e+00	1.809137e-01	-2.381421e-09
4.174506665699988e+00	1.809107e-01	-2.358569e-09
4.177426665699981e+00	1.808058e-01	-2.335317e-09
4.180346665699973e+00	1.805991e-01	-2.311667e-09
4.183266665699967e+00	1.802907e-01	-2.287618e-09
4.186186665699959e+00	1.798804e-01	-2.263169e-09
4.189106665699953e+00	1.793683e-01	-2.238322e-09
4.209586665699906e+00	1.734841e-01	-2.051633e-09
4.249586665699905e+00	1.542800e-01	-1.644699e-09
4.289586665699904e+00	1.277062e-01	-1.188446e-09
4.329586665699903e+00	9.583092e-02	-6.789243e-10
4.369586665699902e+00	6.214201e-02	3.647681e-07
4.409586665699901e+00	2.905542e-02	5.950130e-05
4.426930307290327e+00	1.548843e-02	7.741846e-04
4.436660980114659e+00	8.345049e-03	3.578205e-03
4.442034061965099e+00	4.631673e-03	9.578296e-03
4.446203856631854e+00	1.976171e-03	2.071623e-02
4.450442180752827e+00	-3.191211e-04	4.000792e-02
4.457763518008953e+00	-3.272124e-03	8.344385e-02
4.464434469929728e+00	-4.670952e-03	1.275246e-01
4.472815571031383e+00	-4.142410e-03	1.859411e-01
4.484854619598064e+00	1.400089e-03	2.726073e-01
4.504403314942557e+00	2.316309e-02	4.169273e-01
4.537169911077971e+00	8.146349e-02	6.622421e-01
4.545333332400002e+00	1.018149e-01	7.236084e-01
4.562660175044066e+00	1.546472e-01	8.538480e-01
4.568660175044073e+00	1.761783e-01	8.987216e-01
4.579660175044086e+00	2.182156e-01	9.807100e-01
4.585333332400001e+00	2.416339e-01	1.022772e+00
4.586333332400002e+00	2.458800e-01	1.030168e+00
4.592179046685703e+00	2.716246e-01	1.073316e+00
4.598024760971404e+00	2.985833e-01	1.116139e+00
4.603870475257104e+00	3.267562e-01	1.158638e+00
4.609716189542804e+00	3.561432e-01	1.200810e+00
4.615561903828505e+00	3.867444e-01	1.242658e+00
4.621407618114206e+00	4.185597e-01	1.284181e+00
4.627253332399906e+00	4.515892e-01	1.325379e+00
4.667253332399905e+00	6.922128e-01	1.598893e+00
4.707253332399905e+00	9.561844e-01	1.855330e+00
4.747253332399904e+00	1.234676e+00	2.088736e+00
4.787253332399903e+00	1.512951e+00	2.295221e+00
4.827253332399902e+00	1.776946e+00	2.471398e+00
4.867253332399901e+00	2.014143e+00	2.614399e+00
4.907253332399900e+00	2.214185e+00	2.721904e+00
4.947253332399900e+00	2.377677e+00	2.798510e+00
4.960999999000002e+00	2.422794e+00	2.816155e+00
4.980946664601646e+00	2.474052e+00	2.831073e+00
4.991866663004114e+00	2.496333e+00	2.835012e+00
4.996999998999996e+00	2.505224e+00	2.835714e+00
4.998999998999999e+00	2.508468e+00	2.835829e+00
4.999999999000000e+00	2.510031e+00	2.835843e+00
5.000999999000001e+00	2.511569e+00	2.835839e+00
5.001099999000001e+00	2.511719e+00	2.835836e+00
5.001299999000000e+00	2.512020e+00	2.835831e+00
5.001999999000002e+00	2.513063e+00	2.835804e+00
5.007845713285703e+00	2.520956e+00	2.834995e+00
5.013691427571404e+00	2.527436e+00	2.833156e+00
5.019537141857104e+00	2.532503e+00	2.830287e+00
5.025382856142804e+00	2.536158e+00	2.826388e+00
5.031228570428505e+00	2.538400e+00	2.821458e+00
5.037074284714206e+00	2.539230e+00	2.815499e+00
5.042919998999906e+00	2.538647e+00	2.808509e+00
5.082919998999905e+00	2.511126e+00	2.743018e+00
5.122919998999905e+00	2.440517e+00	2.644701e+00
5.162919998999904e+00	2.324466e+00	2.510420e+00
5.202919998999903e+00	2.168143e+00	2.342364e+00
5.242919998999902e+00	1.977380e+00	2.143281e+00
5.282919998999901e+00	1.758315e+00	1.916454e+00
5.322919998999900e+00	1.517107e+00	1.665673e+00
5.362919998999899e+00	1.261147e+00	1.397404e+00
5.378666665700003e+00	1.156969e+00	1.287377e+00
5.402653332500417e+00	9.945927e-01	1.114309e+00
5.418666665700002e+00	8.849885e-01	9.965841e-01
5.419666665700003e+00	8.781247e-01	9.891899e-01
5.422877388425046e+00	8.560654e-01	9.654036e-01
5.426088111150088e+00	8.339996e-01	9.415829e-01
5.429298833875131e+00	8.119273e-01	9.177278e-01
5.432509556600173e+00	7.898484e-01	8.938383e-01
5.435720279325215e+00	7.677631e-01	8.699145e-01
5.438931002050258e+00	7.456712e-01	8.459563e-01
5.442141724775301e+00	7.235728e-01	8.219637e-01
5.464660766353681e+00	5.691020e-01	6.540793e-01
5.497589107581533e+00	3.454512e-01	4.126154e-01
5.529103901480553e+00	1.358329e-01	1.973324e-01
5.551829753702421e+00	-1.028400e-02	7.059261e-02
5.565060965860710e+00	-9.110356e-02	2.524720e-02
5.578293318719229e+00	-1.678389e-01	4.691879e-03
5.581231611378492e+00	-1.841288e-01	2.819820e-03
5.584091615736636e+00	-1.994142e-01	2.077783e-03
5.587880340370219e+00	-2.191669e-01	1.394663e-03
5.592270395235541e+00	-2.413947e-01	8.694479e-04
5.597019125249297e+00	-2.646495e-01	5.133491e-04
5.601324120670366e+00	-2.849849e-01	3.161482e-04
5.605665172614003e+00	-3.047384e-01	1.951308e-04
5.609884915358496e+00	-3.232189e-01	1.221525e-04
5.614260650232254e+00	-3.416319e-01	7.525980e-05
5.618546022689344e+00	-3.589261e-01	4.673957e-05
5.622904640269052e+00	-3.757598e-01	2.881768e-05
5.627188677135837e+00	-3.915630e-01	1.790150e-05
5.631530775723441e+00	-4.068272e-01	1.105870e-05
5.635826362532917e+00	-4.211843e-01	6.862422e-06
5.644465173814925e+00	-4.478223e-01	2.630012e-06
5.653102700864956e+00	-4.714726e-01	1.012153e-06
5.657835431726291e+00	-4.831518e-01	6.049772e-07
5.663053883839183e+00	-4.949592e-01	3.465428e-07
5.669853167963044e+00	-5.087019e-01	1.698897e-07
5.678177384086062e+00	-5.229968e-01	7.116928e-08
5.689988438455430e+00	-5.385008e-01	2.126333e-08
5.707143192225985e+00	-5.510302e-01	3.007161e-09
5.737275780149194e+00	-5.497261e-01	-1.223435e-09
5.777275780149193e+00	-5.185639e-01	-1.753696e-09
5.794333332300003e+00	-4.953258e-01	-1.866979e-09
5.800218227998382e+00	-4.849340e-01	-1.940544e-09
5.812988019395142e+00	-4.602124e-01	-1.880110e-09
5.816037349810122e+00	-4.538229e-01	1.224679e-07
5.819086680225102e+00	-4.473187e-01	1.873178e-07
5.822136010640082e+00	-4.406997e-01	1.926698e-07
5.825185341055062e+00	-4.339660e-01	1.385238e-07
5.828234671470041e+00	-4.271176e-01	2.487978e-08
5.831284001885022e+00	-4.201544e-01	-1.482622e-07
5.834333332300002e+00	-4.130765e-01	-3.809023e-07
5.835333332300003e+00	-4.107295e-01	-9.824811e-11
5.840452924112966e+00	-3.984434e-01	-1.556885e-09
5.845572515925929e+00	-3.859526e-01	-2.645975e-09
5.850692107738892e+00	-3.732571e-01	-3.365517e-09
5.855811699551856e+00	-3.603570e-01	-3.715512e-09
5.860931291364818e+00	-3.472523e-01	-3.695960e-09
5.866050883177782e+00	-3.339429e-01	-3.306860e-09
5.871170474990745e+00	-3.204288e-01	-2.548213e-09
5.907042649101516e+00	-2.260551e-01	-2.746001e-09
5.947042649101515e+00	-1.234634e-01	-2.903634e-09
5.987042649101515e+00	-2.956329e-02	-2.987087e-09
6.025181744548480e+00	4.622847e-02	-2.992850e-09
6.065181744548479e+00	1.077326e-01	-2.921395e-09
6.105181744548478e+00	1.497041e-01	-2.773557e-09
6.145181744548477e+00	1.721980e-01	-2.550754e-09
6.185181744548476e+00	1.781067e-01	-2.261904e-09
6.211999999000003e+00	1.746136e-01	-2.036906e-09
6.212999999000004e+00	1.743210e-01	-2.027821e-09
6.214999999000007e+00	1.735917e-01	-2.008961e-09
6.218999999000012e+00	1.720193e-01	-1.970544e-09
6.226999999000022e+00	1.685385e-01	-1.891995e-09
6.236999998999984e+00	1.637630e-01	-1.791538e-09
6.239142856142844e+00	1.626233e-01	-1.760759e-09
6.241285713285704e+00	1.614568e-01	-1.734554e-09
6.243428570428564e+00	1.602635e-01	-1.712925e-09
6.245571427571423e+00	1.590434e-01	-1.695871e-09
6.247714284714283e+00	1.577966e-01	-1.683392e-09
6.249857141857142e+00	1.565230e-01	-1.675488e-09
6.251999999000002e+00	1.552226e-01	-1.672160e-09
6.252999999000004e+00	1.546065e-01	-1.621700e-09
6.258845713285704e+00	1.508389e-01	-1.557420e-09
6.264691427571405e+00	1.469161e-01	-1.491722e-09
6.270537141857106e+00	1.428381e-01	-1.424606e-09
6.276382856142805e+00	1.386050e-01	-1.356073e-09
6.282228570428506e+00	1.342166e-01	-1.286122e-09
6.288074284714207e+00	1.296730e-01	-1.214754e-09
6.293919998999908e+00	1.249742e-01	-1.141968e-09
6.333919998999907e+00	9.204317e-02	-6.135767e-10
6.373919998999906e+00	5.819635e-02	5.661650e-08
6.403056498560240e+00	3.392654e-02	3.524424e-06
6.417697654318332e+00	2.223978e-02	3.168270e-05
6.425617282356644e+00	1.617290e-02	1.278492e-04
6.430081027715456e+00	1.284806e-02	3.353582e-04
6.433191016189951e+00	1.057696e-02	7.346151e-04
6.435844690571908e+00	8.672305e-03	1.537406e-03
6.438653617674966e+00	6.694937e-03	3.318192e-03
6.441314951684838e+00	4.872632e-03	6.665120e-03
6.444303022536271e+00	2.918123e-03	1.351598e-02
6.447729575306905e+00	8.794565e-04	2.647026e-02
6.453232196594954e+00	-1.814963e-03	5.553075e-02
6.460214718190752e+00	-4.137335e-03	9.927940e-02
6.467540990005688e+00	-5.019577e-03	1.488913e-01
6.475914536992910e+00	-3.321215e-03	2.080221e-01
6.492661630967355e+00	8.427777e-03	3.300017e-01
6.517396366717747e+00	4.600248e-02	5.139290e-01
6.557396366717747e+00	1.511069e-01	8.134235e-01
6.597396366717746e+00	3.037385e-01	1.109801e+00
6.628666665600004e+00	4.527557e-01	1.337294e+00
6.634238094171432e+00	4.841744e-01	1.376689e+00
6.639809522742861e+00	5.162710e-01	1.415765e+00
6.645380951314289e+00	5.490455e-01	1.454523e+00
6.650952379885718e+00	5.824979e-01	1.492963e+00
6.656523808457146e+00	6.166282e-01	1.531086e+00
6.662095237028574e+00	6.514363e-01	1.568890e+00
6.667666665600002e+00	6.869224e-01	1.606376e+00
6.668666665600004e+00	6.933524e-01	1.613057e+00
6.674512379885704e+00	7.315171e-01	1.651855e+00
6.680358094171405e+00	7.701590e-01	1.690070e+00
6.686203808457106e+00	8.092779e-01	1.727702e+00
6.692049522742805e+00	8.488739e-01	1.764751e+00
6.697895237028506e+00	8.889471e-01	1.801217e+00
6.703740951314207e+00	9.294973e-01	1.837099e+00
6.709586665599907e+00	9.705247e-01	1.872399e+00
6.749586665599907e+00	1.251532e+00	2.101560e+00
6.789586665599906e+00	1.529298e+00	2.306360e+00
6.829586665599905e+00	1.791980e+00	2.480676e+00
6.869586665599904e+00	2.027181e+00	2.621665e+00
6.909586665599903e+00	2.224695e+00	2.727040e+00
6.949586665599902e+00	2.376862e+00	2.795096e+00
6.989586665599901e+00	2.479848e+00	2.825582e+00
7.026128389560071e+00	2.533090e+00	2.823282e+00
7.045333332300004e+00	2.545428e+00	2.810675e+00
7.046923446820138e+00	2.545644e+00	2.809046e+00
7.050103675860406e+00	2.545274e+00	2.805204e+00
7.056464133940942e+00	2.543290e+00	2.796606e+00
7.072185050102018e+00	2.534549e+00	2.772526e+00
7.085333332300003e+00	2.520713e+00	2.747547e+00
7.086333332300004e+00	2.519433e+00	2.745477e+00
7.091749692680253e+00	2.511807e+00	2.733754e+00
7.097166053060501e+00	2.503106e+00	2.721192e+00
7.102582413440750e+00	2.493332e+00	2.707791e+00
7.107998773820999e+00	2.482484e+00	2.693551e+00
7.113415134201247e+00	2.470561e+00	2.678473e+00
7.118831494581496e+00	2.457565e+00	2.662556e+00
7.124247854961745e+00	2.443495e+00	2.645800e+00
7.162199439717973e+00	2.327172e+00	2.513591e+00
7.202199439717972e+00	2.170982e+00	2.345675e+00
7.242199439717972e+00	1.980817e+00	2.147123e+00
7.282199439717971e+00	1.762253e+00	1.920764e+00
7.322199439717970e+00	1.521446e+00	1.670379e+00
7.362199439717969e+00	1.264365e+00	1.400253e+00
7.402199439717968e+00	9.966739e-01	1.115226e+00
7.442199439717967e+00	7.235738e-01	8.211252e-01
7.463398880535930e+00	5.778606e-01	6.630969e-01
7.468196643807783e+00	5.449269e-01	6.272622e-01
7.477792170351488e+00	4.791683e-01	5.557116e-01
7.489842496734799e+00	3.969351e-01	4.663731e-01
7.491436425615542e+00	3.860959e-01	4.546206e-01
7.493030354496286e+00	3.752676e-01	4.428916e-01
7.494624283377029e+00	3.644501e-01	4.311863e-01
7.496218212257772e+00	3.536435e-01	4.195046e-01
7.497812141138516e+00	3.428478e-01	4.078465e-01
7.499406070019259e+00	3.320629e-01	3.962120e-01
7.500999998900003e+00	3.212890e-01	3.846011e-01
7.501999998900004e+00	3.145373e-01	3.773359e-01
7.503457141757144e+00	3.047082e-01	3.667683e-01
7.504914284614283e+00	2.948946e-01	3.562470e-01
7.506371427471422e+00	2.850966e-01	3.457719e-01
7.507828570328562e+00	2.753141e-01	3.353431e-01
7.509285713185702e+00	2.655471e-01	3.249605e-01
7.510742856042841e+00	2.557957e-01	3.146242e-01
7.512199998899980e+00	2.460598e-01	3.043341e-01
7.522439998899955e+00	1.782824e-01	2.349273e-01
7.542919998899908e+00	4.536218e-02	1.113907e-01
7.557582829866671e+00	-4.677458e-02	4.501754e-02
7.568969530797482e+00	-1.152508e-01	1.518049e-02
7.576283541252121e+00	-1.574117e-01	5.953751e-03
7.579446818251107e+00	-1.749825e-01	4.035529e-03
7.583261935339358e+00	-1.955353e-01	2.698417e-03
7.587729586580604e+00	-2.189309e-01	1.669980e-03
7.592472953730073e+00	-2.429889e-01	9.865860e-04
7.596831163363163e+00	-2.643429e-01	6.042069e-04
7.601155935474502e+00	-2.847884e-01	3.733957e-04
7.605397842253883e+00	-3.041208e-01	2.332189e-04
7.609755284320276e+00	-3.232358e-01	1.439501e-04
7.614056182123818e+00	-3.413637e-01	8.926579e-05
7.618402821161620e+00	-3.589321e-01	5.510167e-05
7.622697596850252e+00	-3.755469e-01	3.419291e-05
7.627030900453175e+00	-3.915588e-01	2.114084e-05
7.631333628668099e+00	-4.067117e-01	1.310984e-05
7.635663805453760e+00	-4.212106e-01	8.107588e-06
7.644296905849540e+00	-4.478775e-01	3.109007e-06
7.652930020832876e+00	-4.715789e-01	1.192096e-06
7.657243272661187e+00	-4.822887e-01	7.436699e-07
7.662285821067552e+00	-4.938560e-01	4.322621e-07
7.667971074173916e+00	-5.056590e-01	2.361386e-07
7.675483701794619e+00	-5.192790e-01	1.077973e-07
7.684883006789121e+00	-5.331416e-01	4.041352e-08
7.698646735244584e+00	-5.470719e-01	9.717253e-09
7.719763036399517e+00	-5.539048e-01	1.218486e-10
7.759763036399516e+00	-5.335822e-01	-1.574485e-09
7.799763036399515e+00	-4.797636e-01	-1.948667e-09
7.839763036399514e+00	-3.976826e-01	-2.313374e-09
7.879763036399513e+00	-3.002551e-01	-2.768124e-09
7.882763036399517e+00	-2.922952e-01	-2.593498e-09
7.886763036399522e+00	-2.815576e-01	-2.674739e-09
7.894763036399532e+00	-2.600208e-01	-2.699207e-09
7.902859407199099e+00	-2.381866e-01	-2.337522e-09
7.905557789586705e+00	-2.309081e-01	-2.805092e-09
7.912498934428331e+00	-2.122200e-01	-2.676873e-09
7.918666665600004e+00	-1.956859e-01	-1.347328e-07
7.919666665600005e+00	-1.930144e-01	-2.114783e-09
7.925475043133305e+00	-1.775411e-01	-2.595933e-09
7.931283420666607e+00	-1.622970e-01	-2.956552e-09
7.937091798199908e+00	-1.472820e-01	-3.196639e-09
7.942900175733208e+00	-1.324962e-01	-3.316195e-09
7.948708553266509e+00	-1.179395e-01	-3.315220e-09
7.954516930799810e+00	-1.036120e-01	-3.193714e-09
7.960325308333111e+00	-8.951360e-02	-2.951676e-09
7.990529705551420e+00	-2.097126e-02	-2.995985e-09
8.026479189236710e+00	4.891499e-02	-2.992869e-09
8.066479189236709e+00	1.095811e-01	-2.917803e-09
8.106479189236708e+00	1.509152e-01	-2.767491e-09
8.146479189236707e+00	1.727914e-01	-2.542308e-09
8.186479189236707e+00	1.770052e-01	-2.245806e-09
8.226479189236706e+00	1.664260e-01	-1.882660e-09
8.266479189236705e+00	1.450417e-01	-1.462575e-09
8.295333332200006e+00	1.250050e-01	-1.130756e-09
8.309333332200023e+00	1.135580e-01	-9.552199e-10
8.321333332199988e+00	1.034804e-01	-8.011354e-10
8.323190475057133e+00	1.018942e-01	-7.745241e-10
8.325047617914278e+00	1.003041e-01	-7.491392e-10
8.326904760771423e+00	9.871036e-02	-7.249808e-10
8.328761903628568e+00	9.711282e-02	-7.020489e-10
8.330619046485713e+00	9.551152e-02	-6.803433e-10
8.332476189342858e+00	9.390647e-02	-6.598642e-10
8.334333332200003e+00	9.229766e-02	-6.406116e-10
8.335333332200005e+00	9.143067e-02	-6.158341e-10
8.338253332199997e+00	8.889120e-02	-5.773698e-10
8.341173332199991e+00	8.635240e-02	-5.377333e-10
8.344093332199984e+00	8.381426e-02	-4.969247e-10
8.347013332199976e+00	8.127678e-02	-4.549437e-10
8.349933332199969e+00	7.873997e-02	-4.117906e-10
8.352853332199963e+00	7.620383e-02	-3.674653e-10
8.355773332199956e+00	7.366835e-02	-3.219677e-10
8.376253332199909e+00	5.607515e-02	2.562972e-09
8.393359850970501e+00	4.169226e-02	1.177647e-07
8.406751028864544e+00	3.075350e-02	1.103284e-06
8.414197289036814e+00	2.483931e-02	4.615220e-06
8.419014221997582e+00	2.109814e-02	1.324246e-05
8.422211689311030e+00	1.865341e-02	2.935550e-05
8.424836023472157e+00	1.667123e-02	6.047572e-05
8.427329069563800e+00	1.480835e-02	1.251811e-04
8.429924399201639e+00	1.288970e-02	2.670193e-04
8.432420527382373e+00	1.106567e-02	5.542307e-04
8.434990737846245e+00	9.212225e-03	1.167322e-03
8.437538735527689e+00	7.404584e-03	2.408937e-03
8.440191431858331e+00	5.564778e-03	4.961171e-03
8.442971181575601e+00	3.704621e-03	9.964166e-03
8.446147879382902e+00	1.714905e-03	1.979039e-02
8.450366618316703e+00	-5.639120e-04	3.948987e-02
8.457439634513129e+00	-3.454304e-03	8.132631e-02
8.463952919435009e+00	-4.868856e-03	1.242573e-01
8.472519596369956e+00	-4.422590e-03	1.838657e-01
8.484416882792285e+00	8.741143e-04	2.694172e-01
8.503679224516532e+00	2.188751e-02	4.115377e-01
8.535990897984181e+00	8.779083e-02	6.532533e-01
8.575990897984180e+00	2.167079e-01	9.516873e-01
8.615990897984179e+00	3.962137e-01	1.243528e+00
8.655990897984179e+00	6.205454e-01	1.523071e+00
8.695990897984178e+00	8.753303e-01	1.788653e+00
8.711999998900005e+00	9.842255e-01	1.889764e+00
8.736945393405041e+00	1.160637e+00	2.037536e+00
8.738945393405043e+00	1.174918e+00	2.048894e+00
8.742945393405048e+00	1.203492e+00	2.071478e+00
8.747781576920218e+00	1.238054e+00	2.098418e+00
8.750999998900003e+00	1.261050e+00	2.116124e+00
8.751999998900004e+00	1.268193e+00	2.121591e+00
8.752099998900004e+00	1.268907e+00	2.122136e+00
8.752299998900003e+00	1.270335e+00	2.123226e+00
8.752999998900005e+00	1.275334e+00	2.127037e+00
8.764559998899992e+00	1.357925e+00	2.188087e+00
8.776119998899977e+00	1.438887e+00	2.246433e+00
8.787679998899964e+00	1.518221e+00	2.302076e+00
8.799239998899949e+00	1.595927e+00	2.355014e+00
8.810799998899936e+00	1.672005e+00	2.405249e+00
8.822359998899922e+00	1.746455e+00	2.452780e+00
8.833919998899908e+00	1.819276e+00	2.497608e+00
8.873919998899908e+00	2.050807e+00	2.634837e+00
8.913919998899907e+00	2.243680e+00	2.736239e+00
8.953919998899906e+00	2.392551e+00	2.801676e+00
8.987739943967402e+00	2.477932e+00	2.826204e+00
9.025441259893046e+00	2.525970e+00	2.818816e+00
9.065441259893046e+00	2.526899e+00	2.774258e+00
9.105441259893045e+00	2.482794e+00	2.696256e+00
9.127666665500005e+00	2.440444e+00	2.639455e+00
9.130666665500009e+00	2.432840e+00	2.630334e+00
9.134666665500013e+00	2.422002e+00	2.617617e+00
9.142666665500023e+00	2.399064e+00	2.591165e+00
9.154666665499988e+00	2.362249e+00	2.549537e+00
9.156523808357134e+00	2.356154e+00	2.542770e+00
9.158380951214278e+00	2.349969e+00	2.535928e+00
9.160238094071424e+00	2.343696e+00	2.529012e+00
9.162095236928568e+00	2.337333e+00	2.522021e+00
9.163952379785714e+00	2.330881e+00	2.514956e+00
9.165809522642858e+00	2.324339e+00	2.507817e+00
9.167666665500004e+00	2.317709e+00	2.500603e+00
9.168666665500005e+00	2.314102e+00	2.496687e+00
9.171586665499998e+00	2.303393e+00	2.485107e+00
9.174506665499992e+00	2.292435e+00	2.473309e+00
9.177426665499985e+00	2.281227e+00	2.461293e+00
9.180346665499977e+00	2.269770e+00	2.449060e+00
9.183266665499970e+00	2.258063e+00	2.436610e+00
9.186186665499964e+00	2.246107e+00	2.423942e+00
9.189106665499956e+00	2.233901e+00	2.411057e+00
9.209586665499909e+00	2.142273e+00	2.315061e+00
9.249586665499908e+00	1.942136e+00	2.107309e+00
9.289586665499908e+00	1.719035e+00	1.876212e+00
9.329586665499907e+00	1.474824e+00	1.621841e+00
9.369586665499906e+00	1.215419e+00	1.348580e+00
9.409586665499905e+00	9.464129e-01	1.061384e+00
9.449586665499904e+00	6.730841e-01	7.661506e-01
9.489586665499903e+00	4.004588e-01	4.713704e-01
9.526128389522871e+00	1.555726e-01	2.142043e-01
9.545333332200006e+00	2.972385e-02	9.111802e-02
9.546923446845735e+00	1.952953e-02	8.235546e-02
9.550103676137194e+00	-5.269611e-04	6.762082e-02
9.556464134720112e+00	-3.980552e-02	4.483196e-02
9.569185051885949e+00	-1.165659e-01	1.232509e-02
9.570185051885950e+00	-1.224487e-01	1.068297e-02
9.572185051885953e+00	-1.339203e-01	8.794636e-03
9.576185051885957e+00	-1.565292e-01	5.806535e-03
9.578973886655938e+00	-1.720602e-01	4.186919e-03
9.579755662660045e+00	-1.763505e-01	3.835197e-03
9.581319214668259e+00	-1.848461e-01	3.241147e-03
9.582206228183576e+00	-1.896284e-01	2.942395e-03
9.583559305169370e+00	-1.968665e-01	2.540244e-03
9.584333332200003e+00	-2.009781e-01	2.333628e-03
9.585333332200005e+00	-2.062611e-01	2.088887e-03
9.586333332200006e+00	-2.114991e-01	1.874170e-03
9.587059046485718e+00	-2.152735e-01	1.735693e-03
9.587784760771431e+00	-2.190236e-01	1.607060e-03
9.588510475057143e+00	-2.227495e-01	1.488271e-03
9.589236189342857e+00	-2.264510e-01	1.379326e-03
9.589961903628570e+00	-2.301283e-01	1.280225e-03
9.590687617914282e+00	-2.337812e-01	1.190967e-03
9.591413332199995e+00	-2.374099e-01	1.111554e-03
9.596010379663912e+00	-2.600009e-01	6.909186e-04
9.600868965997247e+00	-2.830941e-01	4.023472e-04
9.605387474650161e+00	-3.037648e-01	2.410392e-04
9.609560552584380e+00	-3.221189e-01	1.510518e-04
9.613828437634012e+00	-3.401563e-01	9.424351e-05
9.618123291834792e+00	-3.575730e-01	5.857690e-05
9.622486690937997e+00	-3.745135e-01	3.610022e-05
9.626793718807498e+00	-3.904870e-01	2.236436e-05
9.631122359813663e+00	-4.057882e-01	1.383137e-05
9.635423365237678e+00	-4.202462e-01	8.579154e-06
9.644060720661553e+00	-4.470431e-01	3.288736e-06
9.652696834100677e+00	-4.708670e-01	1.260606e-06
9.657019257720009e+00	-4.816628e-01	7.842764e-07
9.661863495505205e+00	-4.928532e-01	4.655681e-07
9.667581454737768e+00	-5.048473e-01	2.533789e-07
9.674658447127793e+00	-5.178865e-01	1.202767e-07
9.683767913978183e+00	-5.317357e-01	4.653872e-08
9.696373525546392e+00	-5.454406e-01	1.249139e-08
9.715693445747295e+00	-5.542116e-01	9.060691e-10
9.750528502652653e+00	-5.423208e-01	-1.466973e-09
9.790528502652652e+00	-4.952191e-01	-1.864204e-09
9.830528502652651e+00	-4.186561e-01	-2.236243e-09
9.870528502652650e+00	-3.227992e-01	-2.532627e-09
9.910528502652650e+00	-2.187450e-01	-2.761243e-09
9.950528502652649e+00	-1.142349e-01	-2.928368e-09
9.960999998800006e+00	-8.807224e-02	-2.958253e-09
9.982942989894724e+00	-3.579302e-02	-3.000921e-09
9.988942982694752e+00	-2.239854e-02	-3.007626e-09
9.994000007199972e+00	-1.132283e-02	-3.012213e-09
9.997000003599986e+00	-4.897985e-03	-3.014238e-09
9.999000001199995e+00	-6.674447e-04	-3.015340e-09
1.000000000000000e+01	1.437181e-03	-3.015599e-09
