time	V(y)	V(sine)
0.000000000000000e+00	-2.997183e-03	-3.673940e-15
9.999987999975701e-05	-2.763987e-03	3.141589e-04
2.999996399992710e-04	-2.297593e-03	9.424766e-04
5.999992800020948e-04	-1.598002e-03	1.884953e-03
9.999988000046756e-04	-6.652158e-04	3.141588e-03
1.039998752005999e-03	-5.719372e-04	3.267251e-03
1.119998656005095e-03	-3.853801e-04	3.518578e-03
1.279998464006837e-03	-1.226636e-05	4.021232e-03
1.599998080010323e-03	7.339604e-04	5.026539e-03
1.999998800002345e-03	1.666746e-03	6.283175e-03
2.039998872000126e-03	1.760024e-03	6.408839e-03
2.119999015999241e-03	1.946581e-03	6.660165e-03
2.279999303997471e-03	2.319694e-03	7.162819e-03
2.599999879990378e-03	3.065919e-03	8.168126e-03
4.520003335951372e-03	7.543213e-03	1.419993e-02
7.080007943901734e-03	1.351273e-02	2.224221e-02
2.244003559159324e-02	4.931809e-02	7.048811e-02
4.292007245518548e-02	9.699305e-02	1.347720e-01
8.388014618236994e-02	1.918993e-01	2.630295e-01
1.638801461823682e-01	3.753316e-01	5.112132e-01
2.438801461823665e-01	5.551769e-01	7.542347e-01
3.386666655000035e-01	7.627206e-01	1.032125e+00
4.176666655000005e-01	9.267488e-01	1.252720e+00
4.186666655000018e-01	9.287683e-01	1.255437e+00
4.187666655000015e-01	9.289702e-01	1.255709e+00
4.189666655000011e-01	9.293738e-01	1.256252e+00
4.192666655000039e-01	9.299791e-01	1.257067e+00
4.196666655000030e-01	9.307861e-01	1.258153e+00
4.203923797857157e-01	9.322494e-01	1.260123e+00
4.211180940714284e-01	9.337117e-01	1.262091e+00
4.218438083571411e-01	9.351731e-01	1.264059e+00
4.225695226428537e-01	9.366334e-01	1.266025e+00
4.232952369285665e-01	9.380928e-01	1.267991e+00
4.240209512142791e-01	9.395511e-01	1.269955e+00
4.247466654999918e-01	9.410085e-01	1.271918e+00
4.795104745584798e-01	1.048646e+00	1.418523e+00
5.342742836169678e-01	1.150565e+00	1.556850e+00
5.890380926754558e-01	1.246763e+00	1.686901e+00
6.438019017339438e-01	1.337241e+00	1.808675e+00
6.985657107924318e-01	1.422000e+00	1.922171e+00
7.533295198509198e-01	1.501039e+00	2.027391e+00
8.080933289094077e-01	1.574358e+00	2.124334e+00
8.118419007937783e-01	1.578973e+00	2.130520e+00
8.155904726781488e-01	1.583551e+00	2.136658e+00
8.193390445625194e-01	1.588091e+00	2.142748e+00
8.230876164468900e-01	1.592594e+00	2.148791e+00
8.268361883312606e-01	1.597060e+00	2.154786e+00
8.305847602156311e-01	1.601488e+00	2.160733e+00
8.343333321000017e-01	1.605879e+00	2.166633e+00
8.345256537115127e-01	1.606103e+00	2.166934e+00
8.348204744693000e-01	1.606447e+00	2.167396e+00
8.350508261239149e-01	1.606715e+00	2.167756e+00
8.353333321000029e-01	1.607044e+00	2.168198e+00
8.355875874784822e-01	1.607340e+00	2.168596e+00
8.358418428569614e-01	1.607636e+00	2.168993e+00
8.360960982354406e-01	1.607931e+00	2.169390e+00
8.363503536139199e-01	1.608227e+00	2.169787e+00
8.366046089923991e-01	1.608522e+00	2.170184e+00
8.368588643708783e-01	1.608817e+00	2.170580e+00
8.371131197493575e-01	1.609111e+00	2.170976e+00
8.762426068291705e-01	1.651394e+00	2.229510e+00
9.153720939089836e-01	1.689741e+00	2.282389e+00
9.545015809887967e-01	1.724151e+00	2.329614e+00
9.936310680686097e-01	1.754625e+00	2.371184e+00
1.032760555148423e+00	1.781164e+00	2.407100e+00
1.071890042228236e+00	1.803766e+00	2.437362e+00
1.111019529308049e+00	1.822431e+00	2.461969e+00
1.126731024949751e+00	1.829689e+00	2.470073e+00
1.142442520591453e+00	1.835999e+00	2.477207e+00
1.158154016233155e+00	1.841363e+00	2.483372e+00
1.173865511874858e+00	1.845780e+00	2.488568e+00
1.189577007516560e+00	1.849250e+00	2.492795e+00
1.205288503158262e+00	1.851773e+00	2.496052e+00
1.220999998799964e+00	1.853350e+00	2.498340e+00
1.226999998799972e+00	1.853808e+00	2.498956e+00
1.235999998799983e+00	1.854353e+00	2.499613e+00
1.237999998799985e+00	1.854432e+00	2.499716e+00
1.248999998799999e+00	1.854689e+00	2.499998e+00
1.249999998800000e+00	1.854695e+00	2.500000e+00
1.250999998800001e+00	1.854697e+00	2.499998e+00
1.251999998800002e+00	1.854697e+00	2.499992e+00
1.252099998800002e+00	1.854697e+00	2.499991e+00
1.252299998800002e+00	1.854697e+00	2.499990e+00
1.252599998800004e+00	1.854695e+00	2.499987e+00
1.252999998800004e+00	1.854694e+00	2.499982e+00
1.253039998800002e+00	1.854694e+00	2.499982e+00
1.253119998800003e+00	1.854693e+00	2.499981e+00
1.253279998800004e+00	1.854692e+00	2.499979e+00
1.253599998800002e+00	1.854690e+00	2.499974e+00
1.254239998799999e+00	1.854685e+00	2.499964e+00
1.293919998799907e+00	1.851425e+00	2.496193e+00
1.334879998799813e+00	1.842097e+00	2.485792e+00
1.414879998799812e+00	1.811079e+00	2.446530e+00
1.494879998799810e+00	1.764055e+00	2.382563e+00
1.587666665400004e+00	1.691289e+00	2.278293e+00
1.599095236828575e+00	1.680242e+00	2.263266e+00
1.610523808257146e+00	1.668842e+00	2.247782e+00
1.621952379685718e+00	1.657091e+00	2.231840e+00
1.633380951114289e+00	1.644988e+00	2.215439e+00
1.644809522542860e+00	1.632532e+00	2.198581e+00
1.656238093971431e+00	1.619725e+00	2.181265e+00
1.667666665400002e+00	1.606566e+00	2.163491e+00
1.667858987011513e+00	1.606342e+00	2.163188e+00
1.668230591654172e+00	1.605908e+00	2.162603e+00
1.668666665400004e+00	1.605399e+00	2.161915e+00
1.696621836429725e+00	1.571101e+00	2.116371e+00
1.724577007459446e+00	1.535012e+00	2.068358e+00
1.752532178489167e+00	1.497131e+00	2.017876e+00
1.780487349518888e+00	1.457459e+00	1.964925e+00
1.808442520548609e+00	1.415995e+00	1.909506e+00
1.836397691578330e+00	1.372740e+00	1.851617e+00
1.864352862608051e+00	1.327693e+00	1.791260e+00
1.944352862608049e+00	1.192415e+00	1.607189e+00
1.964492929678329e+00	1.156889e+00	1.558112e+00
1.984632996748608e+00	1.120515e+00	1.508126e+00
2.004773063818888e+00	1.083293e+00	1.457230e+00
2.024913130889168e+00	1.045223e+00	1.405425e+00
2.045053197959447e+00	1.006305e+00	1.352711e+00
2.065193265029727e+00	9.665385e-01	1.299087e+00
2.085333332100006e+00	9.259243e-01	1.244555e+00
2.086333332100004e+00	9.239032e-01	1.241829e+00
2.086693332100003e+00	9.231752e-01	1.240847e+00
2.087053332100001e+00	9.224470e-01	1.239865e+00
2.087413332100000e+00	9.217185e-01	1.238883e+00
2.087773332099998e+00	9.209899e-01	1.237901e+00
2.088133332099997e+00	9.202609e-01	1.236918e+00
2.088493332099996e+00	9.195318e-01	1.235935e+00
2.088853332099994e+00	9.188024e-01	1.234952e+00
2.123047617814253e+00	8.479992e-01	1.140071e+00
2.157241903528512e+00	7.760601e-01	1.043510e+00
2.191436189242771e+00	7.029851e-01	9.452692e-01
2.225630474957030e+00	6.287743e-01	8.453478e-01
2.259824760671289e+00	5.534277e-01	7.437461e-01
2.294019046385548e+00	4.769451e-01	6.404641e-01
2.328213332099807e+00	3.993267e-01	5.355018e-01
2.420999998700005e+00	1.869272e-01	2.477784e-01
2.486213317144681e+00	3.517151e-02	4.330998e-02
2.492213317144625e+00	2.118070e-02	2.446220e-02
2.494573361810986e+00	1.567726e-02	1.704815e-02
2.497720088032800e+00	8.339208e-03	7.162545e-03
2.498720088032790e+00	6.007231e-03	4.020960e-03
2.498999998700022e+00	5.354484e-03	3.141596e-03
2.499559820034484e+00	4.048989e-03	1.382866e-03
2.499880356031078e+00	3.301505e-03	3.758726e-04
2.500358926706816e+00	2.185487e-03	-1.127601e-03
2.500999998700003e+00	6.905202e-04	-3.141588e-03
2.501064105899324e+00	5.410238e-04	-3.342986e-03
2.501192320297960e+00	2.420310e-04	-3.745783e-03
2.501448749095232e+00	-3.559544e-04	-4.551377e-03
2.501487141105443e+00	-4.454835e-04	-4.671989e-03
2.501563925125865e+00	-6.245417e-04	-4.913213e-03
2.501717493166709e+00	-9.826577e-04	-5.395660e-03
2.501999998699993e+00	-1.641452e-03	-6.283175e-03
2.502028249253321e+00	-1.707331e-03	-6.371926e-03
2.502084750359977e+00	-1.839090e-03	-6.549429e-03
2.502197752573288e+00	-2.102607e-03	-6.904434e-03
2.502423756999917e+00	-2.629641e-03	-7.614445e-03
2.502875765853176e+00	-3.683705e-03	-9.034465e-03
2.505587818972707e+00	-1.000798e-02	-1.755451e-02
2.509203889798755e+00	-1.843985e-02	-2.891423e-02
2.530900314755037e+00	-6.900025e-02	-9.705181e-02
2.559828881363408e+00	-1.362361e-01	-1.877809e-01
2.617686014580158e+00	-2.697965e-01	-3.683753e-01
2.697686014580157e+00	-4.518967e-01	-6.146809e-01
2.777686014580155e+00	-6.300197e-01	-8.547795e-01
2.839666665399996e+00	-7.649944e-01	-1.034986e+00
2.850809522542853e+00	-7.885964e-01	-1.066769e+00
2.861952379685711e+00	-8.120340e-01	-1.098326e+00
2.873095236828568e+00	-8.353071e-01	-1.129657e+00
2.884238093971426e+00	-8.584158e-01	-1.160761e+00
2.895380951114284e+00	-8.813601e-01	-1.191640e+00
2.906523808257141e+00	-9.041399e-01	-1.222293e+00
2.917666665399999e+00	-9.267553e-01	-1.252720e+00
2.918666665399996e+00	-9.287747e-01	-1.255437e+00
2.919266665399995e+00	-9.299854e-01	-1.257067e+00
2.919666665399994e+00	-9.307923e-01	-1.258153e+00
2.919946665399991e+00	-9.313570e-01	-1.258913e+00
2.967716189199991e+00	-1.025159e+00	-1.387126e+00
3.015485712999992e+00	-1.114980e+00	-1.509344e+00
3.063255236799992e+00	-1.200819e+00	-1.625568e+00
3.111024760599993e+00	-1.282677e+00	-1.735796e+00
3.158794284399994e+00	-1.360553e+00	-1.840030e+00
3.206563808199994e+00	-1.434448e+00	-1.938270e+00
3.254333331999995e+00	-1.504361e+00	-2.030514e+00
3.334333331999993e+00	-1.605875e+00	-2.166633e+00
3.334476189142850e+00	-1.606041e+00	-2.166856e+00
3.334619046285706e+00	-1.606208e+00	-2.167080e+00
3.334761903428563e+00	-1.606374e+00	-2.167304e+00
3.334904760571420e+00	-1.606541e+00	-2.167528e+00
3.335047617714277e+00	-1.606707e+00	-2.167751e+00
3.335190474857133e+00	-1.606874e+00	-2.167975e+00
3.335333331999990e+00	-1.607040e+00	-2.168198e+00
3.374717043921685e+00	-1.649802e+00	-2.227339e+00
3.414100755843381e+00	-1.688568e+00	-2.280755e+00
3.453484467765076e+00	-1.723335e+00	-2.328447e+00
3.492868179686770e+00	-1.754106e+00	-2.370414e+00
3.532251891608466e+00	-1.780880e+00	-2.406657e+00
3.571635603530161e+00	-1.803656e+00	-2.437176e+00
3.611019315451856e+00	-1.822435e+00	-2.461969e+00
3.626730841630172e+00	-1.829692e+00	-2.470073e+00
3.642442367808489e+00	-1.836003e+00	-2.477207e+00
3.658153893986806e+00	-1.841366e+00	-2.483372e+00
3.673865420165122e+00	-1.845783e+00	-2.488568e+00
3.689576946343439e+00	-1.849253e+00	-2.492795e+00
3.705288472521756e+00	-1.851776e+00	-2.496052e+00
3.720999998700073e+00	-1.853353e+00	-2.498340e+00
3.748999998700008e+00	-1.854692e+00	-2.499998e+00
3.750999998700003e+00	-1.854699e+00	-2.499998e+00
3.751999998700001e+00	-1.854699e+00	-2.499992e+00
3.752099998700004e+00	-1.854699e+00	-2.499991e+00
3.752299998700003e+00	-1.854699e+00	-2.499990e+00
3.752599998699999e+00	-1.854697e+00	-2.499987e+00
3.752999998699998e+00	-1.854696e+00	-2.499982e+00
3.753039998699997e+00	-1.854696e+00	-2.499982e+00
3.753119998699994e+00	-1.854695e+00	-2.499981e+00
3.753599998699997e+00	-1.854692e+00	-2.499974e+00
3.754239998699994e+00	-1.854687e+00	-2.499964e+00
3.793919998699899e+00	-1.851426e+00	-2.496193e+00
3.834879998699805e+00	-1.842098e+00	-2.485792e+00
3.914879998699803e+00	-1.811078e+00	-2.446530e+00
3.994879998699801e+00	-1.764054e+00	-2.382563e+00
4.087666665299999e+00	-1.691288e+00	-2.278293e+00
4.167666665299997e+00	-1.606565e+00	-2.163491e+00
4.168666665299995e+00	-1.605399e+00	-2.161915e+00
4.196621805795613e+00	-1.571101e+00	-2.116371e+00
4.224576946291230e+00	-1.535012e+00	-2.068358e+00
4.252532086786848e+00	-1.497131e+00	-2.017876e+00
4.280487227282466e+00	-1.457459e+00	-1.964926e+00
4.308442367778084e+00	-1.415995e+00	-1.909506e+00
4.336397508273702e+00	-1.372740e+00	-1.851618e+00
4.364352648769319e+00	-1.327693e+00	-1.791260e+00
4.444352648769318e+00	-1.192415e+00	-1.607190e+00
4.464492746373701e+00	-1.156890e+00	-1.558113e+00
4.484632843978083e+00	-1.120516e+00	-1.508126e+00
4.504772941582466e+00	-1.083294e+00	-1.457231e+00
4.524913039186849e+00	-1.045223e+00	-1.405426e+00
4.545053136791232e+00	-1.006305e+00	-1.352711e+00
4.565193234395615e+00	-9.665390e-01	-1.299088e+00
4.585333331999998e+00	-9.259247e-01	-1.244555e+00
4.586333331999995e+00	-9.239035e-01	-1.241829e+00
4.587790474857135e+00	-9.209555e-01	-1.237854e+00
4.589247617714274e+00	-9.180036e-01	-1.233875e+00
4.590704760571414e+00	-9.150480e-01	-1.229891e+00
4.592161903428553e+00	-9.120885e-01	-1.225904e+00
4.593619046285693e+00	-9.091253e-01	-1.221912e+00
4.595076189142832e+00	-9.061583e-01	-1.217916e+00
4.596533331999971e+00	-9.031875e-01	-1.213916e+00
4.627253331999896e+00	-8.397232e-01	-1.128664e+00
4.668213331999802e+00	-7.528802e-01	-1.012401e+00
4.748213331999800e+00	-5.785455e-01	-7.778788e-01
4.828213331999798e+00	-3.993267e-01	-5.355018e-01
4.920999998599996e+00	-1.869270e-01	-2.477784e-01
4.985213317044682e+00	-3.750287e-02	-4.645106e-02
4.992213317044666e+00	-2.118056e-02	-2.446220e-02
4.994573361710707e+00	-1.567712e-02	-1.704815e-02
4.997720087932095e+00	-8.339071e-03	-7.162545e-03
4.998720087932092e+00	-6.007094e-03	-4.020961e-03
4.998999998599999e+00	-5.354347e-03	-3.141596e-03
4.999559819935811e+00	-4.048852e-03	-1.382866e-03
4.999880355928369e+00	-3.301368e-03	-3.758729e-04
5.000999998599994e+00	-6.903839e-04	3.141587e-03
5.001064105798505e+00	-5.408875e-04	3.342986e-03
5.001192320195528e+00	-2.418948e-04	3.745783e-03
5.001448748989574e+00	3.560905e-04	4.551377e-03
5.001487141011907e+00	4.456196e-04	4.671989e-03
5.001563925056573e+00	6.246777e-04	4.913212e-03
5.001717493145904e+00	9.827939e-04	5.395660e-03
5.001999998599992e+00	1.641588e-03	6.283174e-03
5.002028249145404e+00	1.707467e-03	6.371926e-03
5.002084750236222e+00	1.839226e-03	6.549429e-03
5.002197752417857e+00	2.102743e-03	6.904434e-03
5.002423756781134e+00	2.629776e-03	7.614445e-03
5.002875765507689e+00	3.683840e-03	9.034464e-03
5.003779782960791e+00	5.791955e-03	1.187449e-02
5.005587817866996e+00	1.000811e-02	1.755450e-02
5.009203887679412e+00	1.843998e-02	2.891422e-02
5.030900306553903e+00	6.900035e-02	9.705178e-02
5.059828865053220e+00	1.362362e-01	1.877809e-01
5.117685982051860e+00	2.697965e-01	3.683752e-01
5.197685982051858e+00	4.518966e-01	6.146808e-01
5.277685982051857e+00	6.300195e-01	8.547794e-01
5.297683222515878e+00	6.741478e-01	9.136528e-01
5.317680462979899e+00	7.176969e-01	9.718513e-01
5.337677703443920e+00	7.606669e-01	1.029375e+00
5.357674943907941e+00	8.030577e-01	1.086223e+00
5.377672184371962e+00	8.448694e-01	1.142397e+00
5.397669424835983e+00	8.861019e-01	1.197896e+00
5.417666665300004e+00	9.267552e-01	1.252720e+00
5.418666665300002e+00	9.287747e-01	1.255437e+00
5.419266665300000e+00	9.299853e-01	1.257067e+00
5.419666665299999e+00	9.307923e-01	1.258153e+00
5.419946665299996e+00	9.313569e-01	1.258913e+00
5.475396188644221e+00	1.040769e+00	1.407891e+00
5.530845711988447e+00	1.144330e+00	1.548421e+00
5.586295235332672e+00	1.242038e+00	1.680501e+00
5.641744758676898e+00	1.333895e+00	1.804133e+00
5.697194282021123e+00	1.419899e+00	1.919315e+00
5.752643805365349e+00	1.500052e+00	2.026049e+00
5.808093328709575e+00	1.574352e+00	2.124334e+00
5.834333331899998e+00	1.605875e+00	2.166633e+00
5.834476189042855e+00	1.606041e+00	2.166856e+00
5.834619046185712e+00	1.606208e+00	2.167080e+00
5.834761903328569e+00	1.606374e+00	2.167304e+00
5.834904760471425e+00	1.606541e+00	2.167528e+00
5.835047617614282e+00	1.606707e+00	2.167751e+00
5.835190474757139e+00	1.606874e+00	2.167975e+00
5.835333331899996e+00	1.607040e+00	2.168198e+00
5.874717043824185e+00	1.649802e+00	2.227339e+00
5.914100755748374e+00	1.688568e+00	2.280755e+00
5.953484467672562e+00	1.723336e+00	2.328447e+00
5.992868179596752e+00	1.754106e+00	2.370414e+00
6.032251891520941e+00	1.780880e+00	2.406657e+00
6.071635603445130e+00	1.803656e+00	2.437176e+00
6.111019315369319e+00	1.822435e+00	2.461969e+00
6.126730841545140e+00	1.829692e+00	2.470073e+00
6.142442367720962e+00	1.836003e+00	2.477207e+00
6.158153893896784e+00	1.841366e+00	2.483372e+00
6.173865420072606e+00	1.845783e+00	2.488568e+00
6.189576946248428e+00	1.849253e+00	2.492795e+00
6.205288472424249e+00	1.851776e+00	2.496052e+00
6.220999998600071e+00	1.853353e+00	2.498340e+00
6.248999998600006e+00	1.854692e+00	2.499998e+00
6.250999998600001e+00	1.854699e+00	2.499998e+00
6.251999998599999e+00	1.854699e+00	2.499992e+00
6.252099998600002e+00	1.854699e+00	2.499991e+00
6.252299998600002e+00	1.854699e+00	2.499990e+00
6.252599998599997e+00	1.854697e+00	2.499987e+00
6.252999998599996e+00	1.854696e+00	2.499982e+00
6.253039998599995e+00	1.854696e+00	2.499982e+00
6.253119998599992e+00	1.854695e+00	2.499981e+00
6.253599998599995e+00	1.854692e+00	2.499974e+00
6.254239998599992e+00	1.854687e+00	2.499964e+00
6.293919998599897e+00	1.851426e+00	2.496193e+00
6.334879998599803e+00	1.842098e+00	2.485792e+00
6.414879998599801e+00	1.811078e+00	2.446530e+00
6.494879998599799e+00	1.764054e+00	2.382563e+00
6.587666665199997e+00	1.691288e+00	2.278293e+00
6.667666665199995e+00	1.606565e+00	2.163491e+00
6.668666665199993e+00	1.605399e+00	2.161915e+00
6.696621805693117e+00	1.571101e+00	2.116371e+00
6.724576946186240e+00	1.535012e+00	2.068358e+00
6.752532086679365e+00	1.497131e+00	2.017876e+00
6.780487227172488e+00	1.457459e+00	1.964926e+00
6.808442367665612e+00	1.415995e+00	1.909506e+00
6.836397508158736e+00	1.372740e+00	1.851618e+00
6.864352648651860e+00	1.327693e+00	1.791260e+00
6.944352648651858e+00	1.192415e+00	1.607190e+00
6.964492746258736e+00	1.156890e+00	1.558113e+00
6.984632843865613e+00	1.120516e+00	1.508126e+00
7.004772941472491e+00	1.083294e+00	1.457231e+00
7.024913039079370e+00	1.045223e+00	1.405426e+00
7.045053136686247e+00	1.006305e+00	1.352711e+00
7.065193234293125e+00	9.665390e-01	1.299088e+00
7.085333331900003e+00	9.259247e-01	1.244555e+00
7.086333331900001e+00	9.239035e-01	1.241829e+00
7.087790474757140e+00	9.209555e-01	1.237854e+00
7.089247617614279e+00	9.180036e-01	1.233875e+00
7.090704760471419e+00	9.150480e-01	1.229891e+00
7.092161903328559e+00	9.120885e-01	1.225904e+00
7.093619046185698e+00	9.091253e-01	1.221912e+00
7.095076189042837e+00	9.061583e-01	1.217916e+00
7.096533331899977e+00	9.031875e-01	1.213916e+00
7.168213331899807e+00	7.528802e-01	1.012401e+00
7.248213331899805e+00	5.785455e-01	7.778788e-01
7.328213331899804e+00	3.993267e-01	5.355018e-01
7.420999998500001e+00	1.869270e-01	2.477784e-01
7.485213316944687e+00	3.750287e-02	4.645106e-02
7.492213316944671e+00	2.118056e-02	2.446220e-02
7.494573361610712e+00	1.567712e-02	1.704816e-02
7.497720087832100e+00	8.339071e-03	7.162545e-03
7.498720087832098e+00	6.007094e-03	4.020961e-03
7.498999998500004e+00	5.354347e-03	3.141596e-03
7.499559819835817e+00	4.048853e-03	1.382867e-03
7.499880355828374e+00	3.301368e-03	3.758733e-04
7.500999998499999e+00	6.903842e-04	-3.141587e-03
7.501064105698511e+00	5.408878e-04	-3.342986e-03
7.501192320095534e+00	2.418951e-04	-3.745783e-03
7.501448748889580e+00	-3.560902e-04	-4.551376e-03
7.501487140911905e+00	-4.456193e-04	-4.671988e-03
7.501563924956557e+00	-6.246775e-04	-4.913212e-03
7.501717493045859e+00	-9.827936e-04	-5.395659e-03
7.501999998499997e+00	-1.641587e-03	-6.283174e-03
7.502028249045409e+00	-1.707467e-03	-6.371926e-03
7.502084750136234e+00	-1.839225e-03	-6.549428e-03
7.502197752317890e+00	-2.102742e-03	-6.904434e-03
7.502423756681203e+00	-2.629776e-03	-7.614444e-03
7.502875765407822e+00	-3.683840e-03	-9.034464e-03
7.503779782861059e+00	-5.791955e-03	-1.187449e-02
7.505587817767541e+00	-1.000811e-02	-1.755450e-02
7.509203887580504e+00	-1.843998e-02	-2.891422e-02
7.530900306458264e+00	-6.900035e-02	-9.705178e-02
7.559828864961951e+00	-1.362362e-01	-1.877809e-01
7.617685981969323e+00	-2.697965e-01	-3.683752e-01
7.697685981969322e+00	-4.518966e-01	-6.146808e-01
7.777685981969320e+00	-6.300195e-01	-8.547794e-01
7.839666665199999e+00	-7.649944e-01	-1.034986e+00
7.850809522342857e+00	-7.885964e-01	-1.066769e+00
7.861952379485714e+00	-8.120340e-01	-1.098326e+00
7.873095236628572e+00	-8.353071e-01	-1.129657e+00
7.884238093771430e+00	-8.584158e-01	-1.160761e+00
7.895380950914287e+00	-8.813600e-01	-1.191640e+00
7.906523808057145e+00	-9.041399e-01	-1.222293e+00
7.917666665200002e+00	-9.267552e-01	-1.252720e+00
7.918666665200000e+00	-9.287747e-01	-1.255437e+00
7.919266665199999e+00	-9.299853e-01	-1.257067e+00
7.919666665199998e+00	-9.307923e-01	-1.258153e+00
7.919946665199994e+00	-9.313569e-01	-1.258913e+00
7.967716188999995e+00	-1.025159e+00	-1.387126e+00
8.015485712799995e+00	-1.114980e+00	-1.509344e+00
8.063255236599996e+00	-1.200819e+00	-1.625568e+00
8.111024760399996e+00	-1.282677e+00	-1.735796e+00
8.158794284199997e+00	-1.360553e+00	-1.840030e+00
8.206563807999999e+00	-1.434448e+00	-1.938270e+00
8.254333331799998e+00	-1.504361e+00	-2.030514e+00
8.334333331799996e+00	-1.605875e+00	-2.166633e+00
8.334476188942853e+00	-1.606041e+00	-2.166856e+00
8.334619046085709e+00	-1.606208e+00	-2.167080e+00
8.334761903228566e+00	-1.606374e+00	-2.167304e+00
8.334904760371424e+00	-1.606541e+00	-2.167528e+00
8.335047617514281e+00	-1.606707e+00	-2.167751e+00
8.335190474657137e+00	-1.606874e+00	-2.167975e+00
8.335333331799994e+00	-1.607040e+00	-2.168198e+00
8.374717043724184e+00	-1.649802e+00	-2.227339e+00
8.414100755648372e+00	-1.688568e+00	-2.280755e+00
8.453484467572562e+00	-1.723336e+00	-2.328447e+00
8.492868179496750e+00	-1.754106e+00	-2.370414e+00
8.532251891420939e+00	-1.780880e+00	-2.406657e+00
8.571635603345127e+00	-1.803656e+00	-2.437176e+00
8.611019315269317e+00	-1.822435e+00	-2.461969e+00
8.626730841445140e+00	-1.829692e+00	-2.470073e+00
8.642442367620960e+00	-1.836003e+00	-2.477207e+00
8.658153893796783e+00	-1.841366e+00	-2.483372e+00
8.673865419972604e+00	-1.845783e+00	-2.488568e+00
8.689576946148426e+00	-1.849253e+00	-2.492795e+00
8.705288472324247e+00	-1.851776e+00	-2.496052e+00
8.720999998500069e+00	-1.853353e+00	-2.498340e+00
8.748999998500004e+00	-1.854692e+00	-2.499998e+00
8.750999998499999e+00	-1.854699e+00	-2.499998e+00
8.751999998499997e+00	-1.854699e+00	-2.499992e+00
8.752099998500000e+00	-1.854699e+00	-2.499991e+00
8.752299998500000e+00	-1.854699e+00	-2.499990e+00
8.752599998499996e+00	-1.854697e+00	-2.499987e+00
8.752999998499995e+00	-1.854696e+00	-2.499982e+00
8.753039998499993e+00	-1.854696e+00	-2.499982e+00
8.753119998499990e+00	-1.854695e+00	-2.499981e+00
8.753599998499993e+00	-1.854692e+00	-2.499974e+00
8.754239998499990e+00	-1.854687e+00	-2.499964e+00
8.793919998499895e+00	-1.851426e+00	-2.496193e+00
8.834879998499801e+00	-1.842098e+00	-2.485792e+00
8.914879998499799e+00	-1.811078e+00	-2.446530e+00
8.994879998499798e+00	-1.764054e+00	-2.382563e+00
9.087666665099995e+00	-1.691288e+00	-2.278293e+00
9.167666665099993e+00	-1.606565e+00	-2.163491e+00
9.168666665099991e+00	-1.605399e+00	-2.161915e+00
9.196621805593114e+00	-1.571101e+00	-2.116371e+00
9.224576946086239e+00	-1.535012e+00	-2.068358e+00
9.252532086579363e+00	-1.497131e+00	-2.017876e+00
9.280487227072486e+00	-1.457459e+00	-1.964926e+00
9.308442367565609e+00	-1.415995e+00	-1.909506e+00
9.336397508058734e+00	-1.372740e+00	-1.851618e+00
9.364352648551858e+00	-1.327693e+00	-1.791260e+00
9.444352648551856e+00	-1.192415e+00	-1.607190e+00
9.464492746158735e+00	-1.156890e+00	-1.558113e+00
9.484632843765612e+00	-1.120516e+00	-1.508126e+00
9.504772941372490e+00	-1.083294e+00	-1.457231e+00
9.524913038979367e+00	-1.045223e+00	-1.405426e+00
9.545053136586246e+00	-1.006305e+00	-1.352711e+00
9.565193234193123e+00	-9.665390e-01	-1.299088e+00
9.585333331800001e+00	-9.259247e-01	-1.244555e+00
9.586333331799999e+00	-9.239035e-01	-1.241829e+00
9.587790474657139e+00	-9.209555e-01	-1.237854e+00
9.589247617514278e+00	-9.180036e-01	-1.233875e+00
9.590704760371418e+00	-9.150480e-01	-1.229891e+00
9.592161903228556e+00	-9.120885e-01	-1.225904e+00
9.593619046085696e+00	-9.091253e-01	-1.221912e+00
9.595076188942835e+00	-9.061583e-01	-1.217916e+00
9.596533331799975e+00	-9.031875e-01	-1.213916e+00
9.627253331799899e+00	-8.397232e-01	-1.128664e+00
9.668213331799805e+00	-7.528802e-01	-1.012401e+00
9.748213331799803e+00	-5.785455e-01	-7.778788e-01
9.828213331799802e+00	-3.993267e-01	-5.355018e-01
9.920999998399999e+00	-1.869270e-01	-2.477784e-01
9.985213316844685e+00	-3.750287e-02	-4.645106e-02
9.992213316844669e+00	-2.118056e-02	-2.446220e-02
9.994573361510710e+00	-1.567712e-02	-1.704816e-02
9.997720087732098e+00	-8.339071e-03	-7.162546e-03
9.998720087732096e+00	-6.007094e-03	-4.020961e-03
9.998999998400002e+00	-5.354347e-03	-3.141597e-03
9.999559819735815e+00	-4.048853e-03	-1.382867e-03
9.999880355728372e+00	-3.301368e-03	-3.758736e-04
1.000099999840000e+01	-6.903844e-04	3.141587e-03
1.000106410559851e+01	-5.408881e-04	3.342985e-03
1.000119231999553e+01	-2.418953e-04	3.745782e-03
1.000144874878958e+01	3.560900e-04	4.551376e-03
1.000148714081190e+01	4.456191e-04	4.671988e-03
1.000156392485655e+01	6.246773e-04	4.913212e-03
1.000171749294586e+01	9.827934e-04	5.395659e-03
1.000199999840000e+01	1.641587e-03	6.283174e-03
1.000202824894541e+01	1.707467e-03	6.371925e-03
1.000208475003623e+01	1.839225e-03	6.549428e-03
1.000219775221789e+01	2.102742e-03	6.904433e-03
1.000242375658120e+01	2.629776e-03	7.614444e-03
1.000287576530782e+01	3.683840e-03	9.034463e-03
1.000377978276106e+01	5.791955e-03	1.187449e-02
1.000558781766754e+01	1.000811e-02	1.755450e-02
1.000920388748050e+01	1.843998e-02	2.891422e-02
1.003090030635826e+01	6.900035e-02	9.705178e-02
1.005982886486195e+01	1.362362e-01	1.877809e-01
1.011768598186932e+01	2.697965e-01	3.683752e-01
1.019768598186932e+01	4.518966e-01	6.146808e-01
1.027768598186932e+01	6.300195e-01	8.547794e-01
1.029768322233084e+01	6.741478e-01	9.136528e-01
1.031768046279237e+01	7.176969e-01	9.718513e-01
1.033767770325390e+01	7.606669e-01	1.029375e+00
1.035767494371542e+01	8.030577e-01	1.086223e+00
1.037767218417695e+01	8.448694e-01	1.142397e+00
1.039766942463847e+01	8.861019e-01	1.197896e+00
1.041766666510000e+01	9.267552e-01	1.252720e+00
1.041866666510000e+01	9.287747e-01	1.255437e+00
1.041926666510000e+01	9.299853e-01	1.257067e+00
1.041966666510000e+01	9.307923e-01	1.258153e+00
1.041994666509999e+01	9.313569e-01	1.258913e+00
1.047539618844422e+01	1.040769e+00	1.407891e+00
1.053084571178844e+01	1.144330e+00	1.548421e+00
1.058629523513267e+01	1.242038e+00	1.680501e+00
1.064174475847689e+01	1.333895e+00	1.804133e+00
1.069719428182112e+01	1.419899e+00	1.919315e+00
1.075264380516535e+01	1.500052e+00	2.026049e+00
1.080809332850957e+01	1.574352e+00	2.124334e+00
1.083433333169999e+01	1.605875e+00	2.166633e+00
1.083447618884285e+01	1.606041e+00	2.166856e+00
1.083461904598571e+01	1.606208e+00	2.167080e+00
1.083476190312856e+01	1.606374e+00	2.167304e+00
1.083490476027142e+01	1.606541e+00	2.167528e+00
1.083504761741428e+01	1.606707e+00	2.167751e+00
1.083519047455714e+01	1.606874e+00	2.167975e+00
1.083533333169999e+01	1.607040e+00	2.168198e+00
1.083553108551786e+01	1.607270e+00	2.168508e+00
1.087488654689414e+01	1.649979e+00	2.227581e+00
1.091424200827043e+01	1.688698e+00	2.280937e+00
1.095359746964671e+01	1.723426e+00	2.328577e+00
1.099295293102300e+01	1.754164e+00	2.370500e+00
1.103230839239929e+01	1.780911e+00	2.406707e+00
1.107166385377557e+01	1.803668e+00	2.437196e+00
1.111101931515186e+01	1.822435e+00	2.461969e+00
1.112673084133017e+01	1.829692e+00	2.470073e+00
1.114244236750849e+01	1.836003e+00	2.477207e+00
1.115815389368681e+01	1.841366e+00	2.483372e+00
1.117386541986513e+01	1.845783e+00	2.488568e+00
1.118957694604344e+01	1.849253e+00	2.492795e+00
1.120528847222176e+01	1.851776e+00	2.496052e+00
1.122099999840007e+01	1.853353e+00	2.498340e+00
1.124899999840001e+01	1.854692e+00	2.499998e+00
1.125099999840000e+01	1.854699e+00	2.499998e+00
1.125199999840000e+01	1.854699e+00	2.499992e+00
1.125209999840000e+01	1.854699e+00	2.499991e+00
1.125229999840000e+01	1.854699e+00	2.499990e+00
1.125259999840000e+01	1.854697e+00	2.499987e+00
1.125299999840000e+01	1.854696e+00	2.499982e+00
1.125303999840000e+01	1.854696e+00	2.499982e+00
1.125311999840000e+01	1.854695e+00	2.499981e+00
1.125359999840000e+01	1.854692e+00	2.499974e+00
1.125423999840000e+01	1.854687e+00	2.499964e+00
1.129391999839990e+01	1.851426e+00	2.496193e+00
1.133487999839981e+01	1.842098e+00	2.485792e+00
1.141487999839980e+01	1.811078e+00	2.446530e+00
1.149487999839980e+01	1.764054e+00	2.382563e+00
1.158766666500000e+01	1.691288e+00	2.278293e+00
1.166766666500000e+01	1.606565e+00	2.163491e+00
1.166866666500000e+01	1.605399e+00	2.161915e+00
1.169662180549561e+01	1.571101e+00	2.116371e+00
1.172457694599123e+01	1.535012e+00	2.068358e+00
1.175253208648685e+01	1.497131e+00	2.017876e+00
1.178048722698247e+01	1.457459e+00	1.964926e+00
1.180844236747808e+01	1.415995e+00	1.909506e+00
1.183639750797370e+01	1.372740e+00	1.851618e+00
1.186435264846932e+01	1.327693e+00	1.791260e+00
1.194435264846932e+01	1.192415e+00	1.607190e+00
1.196449274607370e+01	1.156890e+00	1.558113e+00
1.198463284367809e+01	1.120516e+00	1.508126e+00
1.200477294128247e+01	1.083294e+00	1.457231e+00
1.202491303888685e+01	1.045223e+00	1.405426e+00
1.204505313649123e+01	1.006305e+00	1.352711e+00
1.206519323409562e+01	9.665390e-01	1.299088e+00
1.208533333170000e+01	9.259247e-01	1.244555e+00
1.208633333170000e+01	9.239035e-01	1.241829e+00
1.208779047455714e+01	9.209555e-01	1.237854e+00
1.208924761741428e+01	9.180036e-01	1.233875e+00
1.209070476027142e+01	9.150480e-01	1.229891e+00
1.209216190312855e+01	9.120885e-01	1.225904e+00
1.209361904598569e+01	9.091253e-01	1.221912e+00
1.209507618884283e+01	9.061583e-01	1.217916e+00
1.209653333169997e+01	9.031875e-01	1.213916e+00
1.216821333169980e+01	7.528802e-01	1.012401e+00
1.224821333169980e+01	5.785455e-01	7.778788e-01
1.232821333169980e+01	3.993267e-01	5.355018e-01
1.242099999830000e+01	1.869270e-01	2.477784e-01
1.248521331674468e+01	3.750287e-02	4.645106e-02
1.249221331674467e+01	2.118056e-02	2.446220e-02
1.249457336141071e+01	1.567712e-02	1.704816e-02
1.249772008763210e+01	8.339072e-03	7.162546e-03
1.249872008763209e+01	6.007095e-03	4.020961e-03
1.249899999830000e+01	5.354348e-03	3.141597e-03
1.249955981963581e+01	4.048853e-03	1.382867e-03
1.249988035562837e+01	3.301369e-03	3.758739e-04
1.250099999830000e+01	6.903847e-04	-3.141586e-03
1.250106410549851e+01	5.408883e-04	-3.342985e-03
1.250119231989553e+01	2.418955e-04	-3.745782e-03
1.250144874868958e+01	-3.560897e-04	-4.551376e-03
1.250148714071191e+01	-4.456189e-04	-4.671988e-03
1.250156392475657e+01	-6.246770e-04	-4.913211e-03
1.250171749284591e+01	-9.827932e-04	-5.395659e-03
1.250199999829999e+01	-1.641587e-03	-6.283173e-03
1.250202824884541e+01	-1.707466e-03	-6.371925e-03
1.250208474993622e+01	-1.839225e-03	-6.549428e-03
1.250219775211786e+01	-2.102742e-03	-6.904433e-03
1.250242375648114e+01	-2.629776e-03	-7.614444e-03
1.250287576520769e+01	-3.683840e-03	-9.034463e-03
1.250377978266079e+01	-5.791955e-03	-1.187449e-02
1.250558781756700e+01	-1.000811e-02	-1.755450e-02
1.250920388737941e+01	-1.843997e-02	-2.891422e-02
1.253090030625390e+01	-6.900035e-02	-9.705178e-02
1.255982886475322e+01	-1.362362e-01	-1.877809e-01
1.261768598175186e+01	-2.697965e-01	-3.683752e-01
1.269768598175186e+01	-4.518966e-01	-6.146808e-01
1.277768598175186e+01	-6.300195e-01	-8.547794e-01
1.283966666500000e+01	-7.649944e-01	-1.034986e+00
1.285080952214286e+01	-7.885964e-01	-1.066769e+00
1.286195237928572e+01	-8.120340e-01	-1.098326e+00
1.287309523642858e+01	-8.353071e-01	-1.129657e+00
1.288423809357143e+01	-8.584158e-01	-1.160761e+00
1.289538095071429e+01	-8.813600e-01	-1.191640e+00
1.290652380785715e+01	-9.041399e-01	-1.222293e+00
1.291766666500001e+01	-9.267552e-01	-1.252720e+00
1.291866666500000e+01	-9.287747e-01	-1.255437e+00
1.291926666500000e+01	-9.299853e-01	-1.257067e+00
1.291966666500000e+01	-9.307923e-01	-1.258153e+00
1.291994666500000e+01	-9.313569e-01	-1.258913e+00
1.296771618880000e+01	-1.025159e+00	-1.387126e+00
1.301548571260000e+01	-1.114980e+00	-1.509344e+00
1.306325523640000e+01	-1.200819e+00	-1.625568e+00
1.311102476020000e+01	-1.282677e+00	-1.735796e+00
1.315879428400000e+01	-1.360553e+00	-1.840030e+00
1.320656380780000e+01	-1.434448e+00	-1.938270e+00
1.325433333160000e+01	-1.504361e+00	-2.030514e+00
1.333433333160000e+01	-1.605875e+00	-2.166633e+00
1.333447618874286e+01	-1.606041e+00	-2.166856e+00
1.333461904588571e+01	-1.606208e+00	-2.167080e+00
1.333476190302857e+01	-1.606374e+00	-2.167304e+00
1.333490476017143e+01	-1.606541e+00	-2.167528e+00
1.333504761731428e+01	-1.606707e+00	-2.167751e+00
1.333519047445714e+01	-1.606874e+00	-2.167975e+00
1.333533333160000e+01	-1.607040e+00	-2.168198e+00
1.337471704352419e+01	-1.649802e+00	-2.227339e+00
1.341410075544838e+01	-1.688568e+00	-2.280755e+00
1.345348446737257e+01	-1.723336e+00	-2.328447e+00
1.349286817929675e+01	-1.754106e+00	-2.370414e+00
1.353225189122094e+01	-1.780880e+00	-2.406657e+00
1.357163560314513e+01	-1.803656e+00	-2.437176e+00
1.361101931506932e+01	-1.822435e+00	-2.461969e+00
1.362673084124514e+01	-1.829692e+00	-2.470073e+00
1.364244236742096e+01	-1.836003e+00	-2.477207e+00
1.365815389359679e+01	-1.841366e+00	-2.483372e+00
1.367386541977261e+01	-1.845783e+00	-2.488568e+00
1.368957694594843e+01	-1.849253e+00	-2.492795e+00
1.370528847212425e+01	-1.851776e+00	-2.496052e+00
1.372099999830007e+01	-1.853353e+00	-2.498340e+00
1.374899999830001e+01	-1.854692e+00	-2.499998e+00
1.375099999830000e+01	-1.854699e+00	-2.499998e+00
1.375199999830000e+01	-1.854699e+00	-2.499992e+00
1.375209999830000e+01	-1.854699e+00	-2.499991e+00
1.375229999830000e+01	-1.854699e+00	-2.499990e+00
1.375259999830000e+01	-1.854697e+00	-2.499987e+00
1.375299999830000e+01	-1.854696e+00	-2.499982e+00
1.375303999830000e+01	-1.854696e+00	-2.499982e+00
1.375311999829999e+01	-1.854695e+00	-2.499981e+00
1.375359999830000e+01	-1.854692e+00	-2.499974e+00
1.375423999829999e+01	-1.854687e+00	-2.499964e+00
1.379391999829990e+01	-1.851426e+00	-2.496193e+00
1.383487999829980e+01	-1.842098e+00	-2.485792e+00
1.391487999829980e+01	-1.811078e+00	-2.446530e+00
1.399487999829980e+01	-1.764054e+00	-2.382563e+00
1.408766666490000e+01	-1.691288e+00	-2.278293e+00
1.416766666490000e+01	-1.606565e+00	-2.163491e+00
1.416866666489999e+01	-1.605399e+00	-2.161915e+00
1.419662180539561e+01	-1.571101e+00	-2.116371e+00
1.422457694589123e+01	-1.535012e+00	-2.068358e+00
1.425253208638685e+01	-1.497131e+00	-2.017876e+00
1.428048722688247e+01	-1.457459e+00	-1.964926e+00
1.430844236737808e+01	-1.415995e+00	-1.909506e+00
1.433639750787370e+01	-1.372740e+00	-1.851618e+00
1.436435264836932e+01	-1.327693e+00	-1.791260e+00
1.444435264836932e+01	-1.192415e+00	-1.607190e+00
1.446449274597370e+01	-1.156890e+00	-1.558113e+00
1.448463284357808e+01	-1.120516e+00	-1.508126e+00
1.450477294118247e+01	-1.083294e+00	-1.457231e+00
1.452491303878685e+01	-1.045223e+00	-1.405426e+00
1.454505313639123e+01	-1.006305e+00	-1.352711e+00
1.456519323399561e+01	-9.665390e-01	-1.299088e+00
1.458533333160000e+01	-9.259247e-01	-1.244555e+00
1.458633333160000e+01	-9.239035e-01	-1.241829e+00
1.458779047445713e+01	-9.209555e-01	-1.237854e+00
1.458924761731427e+01	-9.180036e-01	-1.233875e+00
1.459070476017141e+01	-9.150480e-01	-1.229891e+00
1.459216190302855e+01	-9.120885e-01	-1.225904e+00
1.459361904588569e+01	-9.091253e-01	-1.221912e+00
1.459507618874283e+01	-9.061583e-01	-1.217916e+00
1.459653333159997e+01	-9.031875e-01	-1.213916e+00
1.462725333159990e+01	-8.397232e-01	-1.128664e+00
1.466821333159980e+01	-7.528802e-01	-1.012401e+00
1.474821333159980e+01	-5.785455e-01	-7.778788e-01
1.482821333159980e+01	-3.993267e-01	-5.355018e-01
1.492099999820000e+01	-1.869270e-01	-2.477784e-01
1.498521331664468e+01	-3.750287e-02	-4.645106e-02
1.499221331664467e+01	-2.118056e-02	-2.446220e-02
1.499457336131071e+01	-1.567712e-02	-1.704816e-02
1.499772008753209e+01	-8.339072e-03	-7.162546e-03
1.499872008753209e+01	-6.007095e-03	-4.020962e-03
1.499899999820000e+01	-5.354348e-03	-3.141597e-03
1.499955981953581e+01	-4.048853e-03	-1.382868e-03
1.499988035552837e+01	-3.301369e-03	-3.758742e-04
1.500099999819999e+01	-6.903849e-04	3.141586e-03
1.500106410539851e+01	-5.408885e-04	3.342985e-03
1.500119231979553e+01	-2.418958e-04	3.745782e-03
1.500144874858957e+01	3.560895e-04	4.551375e-03
1.500148714061191e+01	4.456186e-04	4.671987e-03
1.500156392465657e+01	6.246768e-04	4.913211e-03
1.500171749274590e+01	9.827929e-04	5.395658e-03
1.500199999819999e+01	1.641587e-03	6.283173e-03
1.500202824874540e+01	1.707466e-03	6.371925e-03
1.500208474983622e+01	1.839225e-03	6.549427e-03
1.500219775201786e+01	2.102742e-03	6.904433e-03
1.500242375638113e+01	2.629775e-03	7.614444e-03
1.500287576510769e+01	3.683839e-03	9.034463e-03
1.500377978256079e+01	5.791954e-03	1.187449e-02
1.500558781746700e+01	1.000811e-02	1.755450e-02
1.500920388727941e+01	1.843997e-02	2.891422e-02
1.503090030615390e+01	6.900035e-02	9.705178e-02
1.505982886465322e+01	1.362362e-01	1.877809e-01
1.511768598165186e+01	2.697965e-01	3.683752e-01
1.519768598165186e+01	4.518966e-01	6.146808e-01
1.527768598165186e+01	6.300195e-01	8.547794e-01
1.529768322211588e+01	6.741478e-01	9.136528e-01
1.531768046257990e+01	7.176969e-01	9.718513e-01
1.533767770304392e+01	7.606669e-01	1.029375e+00
1.535767494350794e+01	8.030577e-01	1.086223e+00
1.537767218397196e+01	8.448694e-01	1.142397e+00
1.539766942443598e+01	8.861019e-01	1.197896e+00
1.541766666490000e+01	9.267552e-01	1.252720e+00
1.541866666490000e+01	9.287747e-01	1.255437e+00
1.541926666490000e+01	9.299853e-01	1.257067e+00
1.541966666490000e+01	9.307923e-01	1.258153e+00
1.541994666490000e+01	9.313569e-01	1.258913e+00
1.547539618824422e+01	1.040769e+00	1.407891e+00
1.553084571158845e+01	1.144330e+00	1.548421e+00
1.558629523493267e+01	1.242038e+00	1.680501e+00
1.564174475827690e+01	1.333895e+00	1.804133e+00
1.569719428162112e+01	1.419899e+00	1.919315e+00
1.575264380496535e+01	1.500052e+00	2.026049e+00
1.580809332830957e+01	1.574352e+00	2.124334e+00
1.583433333150000e+01	1.605875e+00	2.166633e+00
1.583447618864285e+01	1.606041e+00	2.166856e+00
1.583461904578571e+01	1.606208e+00	2.167080e+00
1.583476190292857e+01	1.606374e+00	2.167304e+00
1.583490476007143e+01	1.606541e+00	2.167528e+00
1.583504761721428e+01	1.606707e+00	2.167751e+00
1.583519047435714e+01	1.606874e+00	2.167975e+00
1.583533333150000e+01	1.607040e+00	2.168198e+00
1.587471704342419e+01	1.649802e+00	2.227339e+00
1.591410075534837e+01	1.688568e+00	2.280755e+00
1.595348446727256e+01	1.723336e+00	2.328447e+00
1.599286817919675e+01	1.754106e+00	2.370414e+00
1.603225189112094e+01	1.780880e+00	2.406657e+00
1.607163560304513e+01	1.803656e+00	2.437176e+00
1.611101931496932e+01	1.822435e+00	2.461969e+00
1.612673084114514e+01	1.829692e+00	2.470073e+00
1.614244236732096e+01	1.836003e+00	2.477207e+00
1.615815389349678e+01	1.841366e+00	2.483372e+00
1.617386541967261e+01	1.845783e+00	2.488568e+00
1.618957694584843e+01	1.849253e+00	2.492795e+00
1.620528847202425e+01	1.851776e+00	2.496052e+00
1.622099999820007e+01	1.853353e+00	2.498340e+00
1.624899999820001e+01	1.854692e+00	2.499998e+00
1.625099999820000e+01	1.854699e+00	2.499998e+00
1.625199999820000e+01	1.854699e+00	2.499992e+00
1.625209999819999e+01	1.854699e+00	2.499991e+00
1.625229999819999e+01	1.854699e+00	2.499990e+00
1.625259999820000e+01	1.854697e+00	2.499987e+00
1.625299999820000e+01	1.854696e+00	2.499982e+00
1.625303999819999e+01	1.854696e+00	2.499982e+00
1.625311999819999e+01	1.854695e+00	2.499981e+00
1.625359999820000e+01	1.854692e+00	2.499974e+00
1.625423999819999e+01	1.854687e+00	2.499964e+00
1.629391999819990e+01	1.851426e+00	2.496193e+00
1.633487999819980e+01	1.842098e+00	2.485792e+00
1.641487999819980e+01	1.811078e+00	2.446530e+00
1.649487999819980e+01	1.764054e+00	2.382563e+00
1.658766666480000e+01	1.691288e+00	2.278293e+00
1.666766666480000e+01	1.606565e+00	2.163491e+00
1.666866666479999e+01	1.605399e+00	2.161915e+00
1.669662180529312e+01	1.571101e+00	2.116371e+00
1.672457694578624e+01	1.535012e+00	2.068358e+00
1.675253208627936e+01	1.497131e+00	2.017876e+00
1.678048722677249e+01	1.457459e+00	1.964926e+00
1.680844236726561e+01	1.415995e+00	1.909506e+00
1.683639750775874e+01	1.372740e+00	1.851618e+00
1.686435264825186e+01	1.327693e+00	1.791260e+00
1.694435264825186e+01	1.192415e+00	1.607190e+00
1.696449274585873e+01	1.156890e+00	1.558113e+00
1.698463284346562e+01	1.120516e+00	1.508126e+00
1.700477294107249e+01	1.083294e+00	1.457231e+00
1.702491303867937e+01	1.045223e+00	1.405426e+00
1.704505313628625e+01	1.006305e+00	1.352711e+00
1.706519323389313e+01	9.665390e-01	1.299088e+00
1.708533333150000e+01	9.259247e-01	1.244555e+00
1.708633333150000e+01	9.239035e-01	1.241829e+00
1.708779047435714e+01	9.209555e-01	1.237854e+00
1.708924761721428e+01	9.180036e-01	1.233875e+00
1.709070476007142e+01	9.150480e-01	1.229891e+00
1.709216190292856e+01	9.120885e-01	1.225904e+00
1.709361904578570e+01	9.091253e-01	1.221912e+00
1.709507618864284e+01	9.061583e-01	1.217916e+00
1.709653333149998e+01	9.031875e-01	1.213916e+00
1.716821333149981e+01	7.528802e-01	1.012401e+00
1.724821333149981e+01	5.785455e-01	7.778788e-01
1.732821333149980e+01	3.993267e-01	5.355018e-01
1.742099999810000e+01	1.869270e-01	2.477784e-01
1.748521331654469e+01	3.750287e-02	4.645106e-02
1.749221331654467e+01	2.118056e-02	2.446220e-02
1.749457336121071e+01	1.567712e-02	1.704816e-02
1.749772008743210e+01	8.339072e-03	7.162547e-03
1.749872008743210e+01	6.007095e-03	4.020962e-03
1.749899999810000e+01	5.354348e-03	3.141598e-03
1.749955981943582e+01	4.048854e-03	1.382868e-03
1.749988035542837e+01	3.301369e-03	3.758745e-04
1.750099999810000e+01	6.903851e-04	-3.141586e-03
1.750106410529851e+01	5.408888e-04	-3.342984e-03
1.750119231969553e+01	2.418960e-04	-3.745781e-03
1.750144874848958e+01	-3.560893e-04	-4.551375e-03
1.750148714051191e+01	-4.456184e-04	-4.671987e-03
1.750156392455656e+01	-6.246766e-04	-4.913211e-03
1.750171749264586e+01	-9.827927e-04	-5.395658e-03
1.750199999810000e+01	-1.641587e-03	-6.283173e-03
1.750202824864541e+01	-1.707466e-03	-6.371924e-03
1.750208474973623e+01	-1.839224e-03	-6.549427e-03
1.750219775191789e+01	-2.102742e-03	-6.904433e-03
1.750242375628120e+01	-2.629775e-03	-7.614443e-03
1.750287576500782e+01	-3.683839e-03	-9.034462e-03
1.750377978246106e+01	-5.791954e-03	-1.187449e-02
1.750558781736754e+01	-1.000811e-02	-1.755450e-02
1.750920388718050e+01	-1.843997e-02	-2.891422e-02
1.753090030605826e+01	-6.900035e-02	-9.705178e-02
1.755982886456195e+01	-1.362362e-01	-1.877809e-01
1.761768598156932e+01	-2.697965e-01	-3.683752e-01
1.769768598156932e+01	-4.518966e-01	-6.146808e-01
1.777768598156932e+01	-6.300195e-01	-8.547794e-01
1.783966666480000e+01	-7.649944e-01	-1.034986e+00
1.785080952194286e+01	-7.885964e-01	-1.066769e+00
1.786195237908571e+01	-8.120340e-01	-1.098326e+00
1.787309523622857e+01	-8.353071e-01	-1.129657e+00
1.788423809337143e+01	-8.584158e-01	-1.160761e+00
1.789538095051429e+01	-8.813600e-01	-1.191640e+00
1.790652380765714e+01	-9.041399e-01	-1.222293e+00
1.791766666480000e+01	-9.267552e-01	-1.252720e+00
1.791866666480000e+01	-9.287747e-01	-1.255437e+00
1.791926666480000e+01	-9.299853e-01	-1.257067e+00
1.791966666480000e+01	-9.307923e-01	-1.258153e+00
1.791994666479999e+01	-9.313569e-01	-1.258913e+00
1.796771618859999e+01	-1.025159e+00	-1.387126e+00
1.801548571240000e+01	-1.114980e+00	-1.509344e+00
1.806325523620000e+01	-1.200819e+00	-1.625568e+00
1.811102476000000e+01	-1.282677e+00	-1.735796e+00
1.815879428380000e+01	-1.360553e+00	-1.840030e+00
1.820656380760000e+01	-1.434448e+00	-1.938270e+00
1.825433333140000e+01	-1.504361e+00	-2.030514e+00
1.833433333140000e+01	-1.605875e+00	-2.166633e+00
1.833447618854285e+01	-1.606041e+00	-2.166856e+00
1.833461904568571e+01	-1.606208e+00	-2.167080e+00
1.833476190282857e+01	-1.606374e+00	-2.167304e+00
1.833490475997142e+01	-1.606541e+00	-2.167528e+00
1.833504761711428e+01	-1.606707e+00	-2.167751e+00
1.833519047425714e+01	-1.606874e+00	-2.167975e+00
1.833533333139999e+01	-1.607040e+00	-2.168198e+00
1.837471704332418e+01	-1.649802e+00	-2.227339e+00
1.841410075524837e+01	-1.688568e+00	-2.280755e+00
1.845348446717256e+01	-1.723336e+00	-2.328447e+00
1.849286817909675e+01	-1.754106e+00	-2.370414e+00
1.853225189102094e+01	-1.780880e+00	-2.406657e+00
1.857163560294513e+01	-1.803656e+00	-2.437176e+00
1.861101931486932e+01	-1.822435e+00	-2.461969e+00
1.862673084104514e+01	-1.829692e+00	-2.470073e+00
1.864244236722096e+01	-1.836003e+00	-2.477207e+00
1.865815389339678e+01	-1.841366e+00	-2.483372e+00
1.867386541957260e+01	-1.845783e+00	-2.488568e+00
1.868957694574842e+01	-1.849253e+00	-2.492795e+00
1.870528847192425e+01	-1.851776e+00	-2.496052e+00
1.872099999810007e+01	-1.853353e+00	-2.498340e+00
1.874899999810000e+01	-1.854692e+00	-2.499998e+00
1.875099999810000e+01	-1.854699e+00	-2.499998e+00
1.875199999810000e+01	-1.854699e+00	-2.499992e+00
1.875209999809999e+01	-1.854699e+00	-2.499991e+00
1.875229999809999e+01	-1.854699e+00	-2.499990e+00
1.875259999810000e+01	-1.854697e+00	-2.499987e+00
1.875299999809999e+01	-1.854696e+00	-2.499982e+00
1.875303999809999e+01	-1.854696e+00	-2.499982e+00
1.875311999809999e+01	-1.854695e+00	-2.499981e+00
1.875359999809999e+01	-1.854692e+00	-2.499974e+00
1.875423999809999e+01	-1.854687e+00	-2.499964e+00
1.879391999809989e+01	-1.851426e+00	-2.496193e+00
1.883487999809980e+01	-1.842098e+00	-2.485792e+00
1.891487999809980e+01	-1.811078e+00	-2.446530e+00
1.899487999809980e+01	-1.764054e+00	-2.382563e+00
1.908766666470000e+01	-1.691288e+00	-2.278293e+00
1.916766666469999e+01	-1.606565e+00	-2.163491e+00
1.916866666469999e+01	-1.605399e+00	-2.161915e+00
1.919662180519311e+01	-1.571101e+00	-2.116371e+00
1.922457694568624e+01	-1.535012e+00	-2.068358e+00
1.925253208617936e+01	-1.497131e+00	-2.017876e+00
1.928048722667249e+01	-1.457459e+00	-1.964926e+00
1.930844236716561e+01	-1.415995e+00	-1.909506e+00
1.933639750765873e+01	-1.372740e+00	-1.851618e+00
1.936435264815186e+01	-1.327693e+00	-1.791260e+00
1.944435264815186e+01	-1.192415e+00	-1.607190e+00
1.946449274575873e+01	-1.156890e+00	-1.558113e+00
1.948463284336561e+01	-1.120516e+00	-1.508126e+00
1.950477294097249e+01	-1.083294e+00	-1.457231e+00
1.952491303857937e+01	-1.045223e+00	-1.405426e+00
1.954505313618624e+01	-1.006305e+00	-1.352711e+00
1.956519323379312e+01	-9.665390e-01	-1.299088e+00
1.958533333140000e+01	-9.259247e-01	-1.244555e+00
1.958633333140000e+01	-9.239035e-01	-1.241829e+00
1.958779047425714e+01	-9.209555e-01	-1.237854e+00
1.958924761711428e+01	-9.180036e-01	-1.233875e+00
1.959070475997142e+01	-9.150480e-01	-1.229891e+00
1.959216190282856e+01	-9.120885e-01	-1.225904e+00
1.959361904568570e+01	-9.091253e-01	-1.221912e+00
1.959507618854284e+01	-9.061583e-01	-1.217916e+00
1.959653333139997e+01	-9.031875e-01	-1.213916e+00
1.962725333139990e+01	-8.397232e-01	-1.128664e+00
1.966821333139981e+01	-7.528802e-01	-1.012401e+00
1.974821333139980e+01	-5.785455e-01	-7.778788e-01
1.982821333139980e+01	-3.993267e-01	-5.355018e-01
1.992099999800000e+01	-1.869270e-01	-2.477784e-01
1.998521331644469e+01	-3.750287e-02	-4.645106e-02
1.999221330244467e+01	-2.118059e-02	-2.446224e-02
1.999521329644466e+01	-1.418483e-02	-1.503778e-02
1.999700000600001e+01	-1.001828e-02	-9.424737e-03
1.999800000400000e+01	-7.686311e-03	-6.283166e-03
1.999900000200000e+01	-5.354333e-03	-3.141586e-03
2.000000000000000e+01	-3.022354e-03	-6.123234e-15
